x,y,z,t
0.001952,-0.211792,0.835944,243926452
0.052216,-0.183488,0.94428,243926472
0.015616,-0.285968,1.017968,243926492
-0.00488,-0.376736,1.051152,243926512
-0.135664,-0.423096,0.949648,243926532
-0.181048,-0.392352,0.89792,243926552
-0.07076,-0.355752,0.950624,243926573
-0.021472,-0.354776,0.969168,243926593
-0.158112,-0.390888,1.01992,243926613
-0.213256,-0.404552,1.114104,243926633
-0.089792,-0.36356,1.11264,243926653
-0.105896,-0.354288,1.048712,243926673
-0.088816,-0.272792,0.95648,243926693
-0.15128,-0.212768,0.897432,243926714
-0.144936,-0.14152,0.96136,243926734
-0.138104,-0.162992,1.024312,243926754
-0.297192,-0.215696,0.995032,243926774
-0.301584,-0.10248,0.969656,243926794
-0.245464,-0.026352,0.940376,243926814
-0.32696,0.018056,0.835456,243926834
-0.422608,0.079544,0.682224,243926855
-0.406992,0.169336,0.586088,243926875
-0.4148,0.213256,0.683688,243926895
-0.44164,0.242536,0.776408,243926915
-0.4148,0.271816,0.723704,243926935
-0.370392,0.29768,0.731024,243926955
-0.408944,0.294752,0.765672,243926975
-0.413824,0.291824,0.677832,243926996
-0.343064,0.362584,0.7442,243927016
-0.345504,0.379664,0.872544,243927036
-0.3294,0.40748,0.875472,243927056
-0.248392,0.43432,0.821304,243927076
-0.179584,0.460184,0.77104,243927096
-0.235704,0.516792,0.716384,243927116
-0.366488,0.527528,0.649528,243927137
-0.330864,0.511912,0.586576,243927157
-0.147376,0.55388,0.634888,243927177
-0.103456,0.612928,0.684664,243927197
-0.183976,0.602192,0.717848,243927217
-0.162016,0.570472,0.692472,243927237
-0.07808,0.584624,0.539728,243927257
-0.077592,0.618784,0.499224,243927278
-0.10736,0.579256,0.587064,243927298
0.186904,0.647088,0.71736,243927318
0.146888,0.615856,0.825208,243927338
-0.05612,0.482144,0.813984,243927358
-0.197152,0.437736,0.699792,243927378
0.47824,0.603168,0.80276,243927398
0.430416,0.630008,0.78568,243927419
0.152256,0.473848,0.723216,243927439
-0.037088,0.404064,0.83692,243927459
-0.03416,0.312808,0.776896,243927479
0.972096,0.580232,0.798368,243927499
0.464088,0.513864,0.676368,243927519
0.187392,0.291824,0.516304,243927539
0.18056,0.271816,0.674904,243927560
0.734928,0.2562,0.90036,243927580
0.918904,0.397232,0.825696,243927600
0.619272,0.296216,0.55632,243927620
0.508008,0.255224,0.502152,243927640
0.471408,0.165432,0.711992,243927660
0.836432,0.236192,0.867176,243927680
0.750544,0.131272,0.769088,243927701
0.506056,0.064416,0.640256,243927721
0.404064,0.0122,0.542168,243927741
0.803248,0.116144,0.589992,243927761
1.000888,0.081984,0.628544,243927781
0.696376,-0.078568,0.555832,243927801
0.455792,-0.136152,0.587064,243927821
0.452376,-0.157624,0.776408,243927842
0.718824,-0.124928,0.864248,243927862
0.838384,-0.204472,0.7564,243927882
0.637328,-0.323056,0.60268,243927902
0.572424,-0.278648,0.611952,243927922
0.684176,-0.250832,0.711992,243927942
0.748104,-0.294264,0.698816,243927962
0.606096,-0.370392,0.669536,243927983
0.386496,-0.428464,0.616344,243928003
0.361608,-0.446032,0.643672,243928023
0.485072,-0.449936,0.6832,243928043
0.56364,-0.469944,0.782752,243928063
0.461648,-0.49532,0.746152,243928083
0.41724,-0.459696,0.747128,243928103
0.391376,-0.467992,0.730536,243928124
0.291336,-0.542656,0.733464,243928144
0.247904,-0.60756,0.702232,243928164
0.181048,-0.674416,0.582184,243928184
0.187392,-0.69296,0.7198,243928204
0.247416,-0.610976,0.869616,243928224
0.307928,-0.593408,0.876448,243928244
0.331352,-0.593408,0.899384,243928265
0.16592,-0.609512,0.755912,243928285
-0.004392,-0.574376,0.727608,243928305
-0.113216,-0.572424,0.77104,243928325
-0.076128,-0.603168,0.79788,243928345
-0.115656,-0.608048,0.757864,243928365
-0.187392,-0.60756,0.700768,243928385
-0.137128,-0.574864,0.69784,243928406
-0.070272,-0.5246,0.811544,243928426
-0.047824,-0.540216,0.952088,243928446
-0.215696,-0.549488,0.91744,243928466
-0.3416,-0.507032,0.803248,243928486
-0.374296,-0.441152,0.799832,243928506
-0.328912,-0.418704,0.835944,243928526
-0.333304,-0.4148,0.830088,243928547
-0.399672,-0.40992,0.763232,243928567
-0.468968,-0.346968,0.732976,243928587
-0.398696,-0.28792,0.775432,243928607
-0.355752,-0.264008,0.83692,243928627
-0.467016,-0.272792,0.841312,243928647
-0.589992,-0.271328,0.808616,243928667
-0.631472,-0.22204,0.769088,243928687
-0.589992,-0.1464,0.787144,243928708
-0.589504,-0.138592,0.78324,243928728
-0.630008,-0.141032,0.766648,243928748
-0.662704,-0.044896,0.741272,243928768
-0.6588,0.072712,0.664656,243928788
-0.598776,0.13664,0.463112,243928808
-0.5734,0.182024,0.314272,243928828
-0.65148,0.19764,0.463112,243928849
-0.637328,0.20984,0.619272,243928869
-0.549976,0.225456,0.798856,243928889
-0.548024,0.233264,0.901824,243928909
-0.589016,0.228384,0.877912,243928929
-0.611464,0.255712,0.790072,243928949
-0.662704,0.310856,0.520208,243928969
-0.60268,0.398208,0.427488,243928990
-0.510448,0.465064,0.506544,243929010
-0.489464,0.4636,0.587552,243929030
-0.517768,0.462136,0.626104,243929050
-0.528504,0.496296,0.664168,243929070
-0.485072,0.47092,0.722728,243929090
-0.374296,0.543632,0.74664,243929110
-0.369904,0.565104,0.661728,243929131
-0.40504,0.628056,0.388448,243929151
-0.437248,0.711016,0.184464,243929171
-0.22448,0.767624,0.45628,243929191
-0.159088,0.716384,0.493368,243929211
-0.20252,0.682224,0.519232,243929231
-0.179096,0.709064,0.604144,243929251
-0.20008,0.672464,0.625128,243929272
-0.076616,0.699304,0.49776,243929292
-0.071736,0.726144,0.424072,243929312
-0.047336,0.685152,0.4392,243929332
0.173728,0.609512,0.643672,243929352
0.440664,0.587552,0.853512,243929372
0.406992,0.628056,0.852536,243929392
0.215208,0.55876,0.756888,243929413
0.09028,0.488,0.723216,243929433
0.154208,0.499712,0.73932,243929453
0.342576,0.521184,0.759816,243929473
0.480192,0.508984,0.739808,243929493
0.467016,0.468968,0.678808,243929513
0.379664,0.427,0.588528,243929533
0.392352,0.384544,0.625128,243929554
0.5734,0.351848,0.751032,243929574
0.708088,0.344528,0.765672,243929594
0.565592,0.308904,0.671,243929614
0.405528,0.235704,0.664168,243929634
0.481656,0.13908,0.71248,243929654
0.808616,0.15616,0.681248,243929674
0.874008,0.190808,0.713456,243929695
0.694424,0.130296,0.699304,243929715
0.55388,0.061976,0.678808,243929735
0.450424,0.07564,0.70272,243929755
0.619272,0.118584,0.80764,243929775
0.76616,0.059536,0.755424,243929795
0.688568,-0.070272,0.705648,243929815
0.592432,-0.121024,0.66612,243929836
0.527528,-0.073688,0.680272,243929856
0.700768,-0.033184,0.72712,243929876
0.87596,-0.055632,0.600728,243929896
0.648552,-0.195688,0.442616,243929916
0.503616,-0.291336,0.417728,243929936
0.516304,-0.298168,0.591944,243929956
0.631472,-0.327448,0.709064,243929977
0.746152,-0.387472,0.764696,243929997
0.701256,-0.45628,0.701256,243930017
0.635864,-0.476288,0.739808,243930037
0.552416,-0.473848,0.892552,243930057
0.566568,-0.407968,0.694912,243930077
0.541192,-0.420168,0.572912,243930097
0.548512,-0.494344,0.542168,243930118
0.449936,-0.56852,0.61976,243930138
0.425536,-0.552416,0.6344,243930158
0.50264,-0.503616,0.676368,243930178
0.488976,-0.524112,0.731512,243930198
0.400648,-0.557784,0.681248,243930218
0.345504,-0.582672,0.64416,243930238
0.269376,-0.616344,0.6588,243930259
0.25376,-0.640256,0.661728,243930279
0.281088,-0.65392,0.672952,243930299
0.225456,-0.666608,0.6954,243930319
0.15616,-0.660264,0.703208,243930339
0.162504,-0.64416,0.723704,243930359
0.142496,-0.622688,0.757376,243930379
0.107848,-0.617808,0.73444,243930400
0.115656,-0.63928,0.716872,243930420
0.047336,-0.658312,0.705648,243930440
-0.025864,-0.64416,0.71736,243930460
-0.132736,-0.636352,0.706624,243930480
-0.193736,-0.630984,0.717848,243930500
-0.111264,-0.5734,0.745664,243930520
-0.152256,-0.567544,0.77836,243930541
-0.251808,-0.606096,0.809592,243930561
-0.27572,-0.615368,0.774456,243930581
-0.286456,-0.52704,0.789096,243930601
-0.297192,-0.492392,0.828624,243930621
-0.302072,-0.502152,0.846192,243930641
-0.378688,-0.476288,0.851072,243930661
-0.447496,-0.421632,0.769576,243930682
-0.416264,-0.357704,0.690032,243930702
-0.368928,-0.321592,0.731512,243930722
-0.398208,-0.29036,0.74176,243930742
-0.44164,-0.293288,0.778848,243930762
-0.523624,-0.283528,0.813496,243930782
-0.517768,-0.294752,0.83692,243930802
-0.445544,-0.275232,0.894504,243930823
-0.368928,-0.227896,0.930128,243930843
-0.371368,-0.160552,0.929152,243930863
-0.443104,-0.093696,0.823256,243930883
-0.445544,-0.068808,0.81984,243930903
-0.454328,-0.060024,0.798368,243930923
-0.428464,-0.020984,0.757376,243930943
-0.40748,0.055632,0.747128,243930963
-0.401136,0.108336,0.821304,243930984
-0.376736,0.13176,0.874984,243931004
-0.350384,0.1464,0.83692,243931024
-0.3538,0.191784,0.772016,243931044
-0.387472,0.215208,0.707112,243931064
-0.42212,0.213256,0.695888,243931084
-0.379176,0.225456,0.760792,243931104
-0.262056,0.240096,0.831064,243931125
-0.20984,0.27084,0.856928,243931145
-0.2806,0.310368,0.81984,243931165
-0.223992,0.32696,0.80276,243931185
-0.09516,0.354776,0.842288,243931205
-0.092232,0.377224,0.819352,243931225
-0.105896,0.36356,0.755912,243931245
-0.084912,0.373808,0.792024,243931266
-0.035136,0.38308,0.84912,243931286
0.123952,0.366976,0.865712,243931306
0.085888,0.37088,0.87596,243931326
0.013664,0.392352,0.886208,243931346
0.032696,0.427,0.859368,243931366
0.075152,0.420168,0.798856,243931386
0.188856,0.423584,0.747616,243931407
0.263032,0.450912,0.732976,243931427
0.204472,0.439688,0.70516,243931447
0.243512,0.450912,0.649528,243931467
0.288896,0.447008,0.735904,243931487
0.392352,0.422608,0.7686,243931507
0.528016,0.376248,0.889136,243931527
0.55632,0.40016,0.800808,243931548
0.413336,0.403576,0.702232,243931568
0.410408,0.370392,0.664168,243931588
0.535336,0.301584,0.64172,243931608
0.540704,0.241072,0.765184,243931628
0.612928,0.248392,0.766648,243931648
0.481168,0.222528,0.703696,243931668
0.451888,0.211304,0.56364,243931689
0.6222,0.162504,0.6832,243931709
0.875472,0.147376,0.689544,243931729
0.80276,0.152256,0.663192,243931749
0.615856,0.121024,0.634888,243931769
0.535336,0.086376,0.705648,243931789
0.659288,0.074176,0.766648,243931809
0.83936,0.10492,0.702232,243931830
0.746152,0.061488,0.592432,243931850
0.557296,-0.0488,0.513376,243931870
0.563152,-0.053192,0.511912,243931890
0.713944,0.037088,0.521184,243931910
0.774944,0.03416,0.511912,243931930
0.726632,-0.09272,0.55632,243931950
0.702232,-0.138592,0.650016,243931971
0.74176,-0.081496,0.713456,243931991
0.766648,-0.067344,0.648064,243932011
0.779824,-0.133712,0.601216,243932031
0.790072,-0.184952,0.52948,243932051
0.721264,-0.213744,0.425536,243932071
0.617808,-0.244976,0.464576,243932091
0.674904,-0.2684,0.901336,243932112
0.67588,-0.385032,0.85888,243932132
0.631472,-0.457744,0.642208,243932152
0.578768,-0.381616,0.594384,243932172
0.64904,-0.313296,0.63928,243932192
0.699792,-0.351848,0.606584,243932212
0.554856,-0.406992,0.715896,243932232
0.39284,-0.438224,0.786168,243932253
0.379664,-0.49288,0.802272,243932273
0.428952,-0.465552,0.688568,243932293
0.428952,-0.388936,0.640256,243932313
0.343064,-0.413336,0.813984,243932333
0.332816,-0.514352,0.812032,243932353
0.340136,-0.455792,0.794952,243932373
0.322568,-0.431392,0.848632,243932394
0.246928,-0.4758,0.867176,243932414
0.194712,-0.49776,0.8296,243932434
0.084912,-0.55388,0.837896,243932454
0.018544,-0.580232,0.827648,243932474
0.051728,-0.543632,0.754448,243932494
0.099552,-0.471408,0.745176,243932514
0.059048,-0.499712,0.85888,243932535
-0.07564,-0.578768,0.92476,243932555
-0.14152,-0.592432,0.9272,243932575
-0.216184,-0.56364,0.920368,243932595
-0.203008,-0.533872,0.852048,243932615
-0.1098,-0.53436,0.789096,243932635
-0.172264,-0.499224,0.695888,243932655
-0.242048,-0.450424,0.7198,243932676
-0.310856,-0.430416,0.809592,243932696
-0.38308,-0.436272,0.8174,243932716
-0.396256,-0.462136,0.78568,243932736
-0.40016,-0.473848,0.740784,243932756
-0.410896,-0.4026,0.70272,243932776
-0.415288,-0.360144,0.731512,243932796
-0.47092,-0.416752,0.886208,243932817
-0.51972,-0.371368,0.906704,243932837
-0.487024,-0.303048,0.854976,243932857
-0.462624,-0.300608,0.751032,243932877
-0.552416,-0.257664,0.67588,243932897
-0.636352,-0.211304,0.652456,243932917
-0.620248,-0.200568,0.6954,243932937
-0.561688,-0.135664,0.771528,243932958
-0.51972,-0.084424,0.9028,243932978
-0.599264,-0.048312,0.849608,243932998
-0.650992,-0.0122,0.673928,243933018
-0.6344,0.038552,0.564128,243933038
-0.562176,0.158112,0.569984,243933058
-0.512888,0.232776,0.62464,243933078
-0.511424,0.221552,0.660264,243933099
-0.584624,0.188368,0.781288,243933119
-0.550464,0.22204,0.832528,243933139
-0.413824,0.323544,0.761768,243933159
-0.39284,0.41724,0.703696,243933179
-0.364048,0.453352,0.687104,243933199
-0.328424,0.474824,0.650992,243933219
-0.340624,0.48312,0.601704,243933239
-0.305488,0.508496,0.548512,243933260
-0.319152,0.52704,0.571448,243933280
-0.276696,0.56852,0.724192,243933300
-0.12688,0.597312,0.744688,243933320
-0.094672,0.611464,0.650016,243933340
-0.064904,0.620248,0.562176,243933360
-0.0366,0.587552,0.48556,243933380
-0.01952,0.613904,0.552904,243933401
-0.050752,0.601704,0.69296,243933421
0.050752,0.61732,0.744688,243933441
0.203984,0.61976,0.630496,243933461
0.191296,0.571448,0.637328,243933481
0.138592,0.516304,0.683688,243933501
0.220576,0.48068,0.645136,243933521
0.36112,0.479216,0.654408,243933542
0.478728,0.43188,0.694912,243933562
0.542168,0.35136,0.720776,243933582
0.487024,0.298656,0.738344,243933602
0.494832,0.264984,0.80764,243933622
0.559736,0.22204,0.85644,243933642
0.574864,0.168848,0.724192,243933662
0.61,0.118584,0.589504,243933683
0.606584,0.067344,0.742736,243933703
0.609024,0.0244,0.931104,243933723
0.57828,-0.00244,0.955504,243933743
0.554368,-0.025376,0.895968,243933763
0.50752,-0.013176,0.89548,243933783
0.488,-0.035136,0.815936,243933803
0.3904,-0.084424,0.889624,243933824
0.394304,-0.09028,0.927688,243933844
0.45872,-0.073688,0.964776,243933864
0.410896,-0.074176,0.901336,243933884
0.439688,-0.158112,0.865712,243933904
0.29524,-0.212768,0.930128,243933924
0.245952,-0.196664,0.925736,243933944
0.201056,-0.145424,0.908656,243933965
0.2318,-0.14396,0.955992,243933985
0.272792,-0.066856,0.963312,243934005
0.137616,-0.062464,0.87596,243934025
0.01708,-0.111752,0.840824,243934045
-0.061976,-0.122976,0.912072,243934065
-0.044408,-0.069296,0.93696,243934085
-0.043432,-0.063928,0.928176,243934106
-0.091256,-0.093696,0.921832,243934126
-0.091744,-0.113704,0.957456,243934146
-0.078568,-0.085888,0.963312,243934166
-0.05856,-0.06832,0.942328,243934186
-0.065392,-0.066856,0.9394,243934206
-0.05368,-0.052704,0.952576,243934226
-0.110776,-0.060512,0.94184,243934247
-0.127368,-0.066368,0.930128,243934267
-0.11956,-0.053192,0.92964,243934287
-0.042456,-0.024888,0.930616,243934307
0.006832,-0.005856,0.952088,243934327
-0.057096,-0.025864,0.974536,243934347
-0.125904,-0.054656,0.961848,243934367
-0.13908,-0.03172,0.904752,243934388
-0.122976,0.003904,0.870592,243934408
-0.105896,0.01952,0.870104,243934428
-0.11224,0.006832,0.870104,243934448
-0.120048,-0.005368,0.881816,243934468
-0.099552,-0.00488,0.915488,243934488
-0.094184,-0.010736,0.9394,243934508
-0.09028,-0.004392,0.947696,243934529
-0.080032,0.00732,0.9394,243934549
-0.079544,0.00244,0.9272,243934569
-0.072224,-0.012688,0.942816,243934589
-0.052704,-0.016592,0.966728,243934609
-0.031232,-0.010736,0.98088,243934629
-0.051728,0.001464,0.967216,243934649
-0.0732,0.020008,0.930616,243934670
-0.091744,0.025864,0.90036,243934690
-0.102968,0.02928,0.895968,243934710
-0.135664,0.037088,0.895968,243934730
-0.115168,0.046848,0.90036,243934750
-0.13176,0.03416,0.9028,243934770
-0.152744,0.015616,0.9394,243934790
-0.1464,0.006832,0.931592,243934811
-0.11224,0.020008,0.921344,243934831
-0.081984,0.018056,0.913048,243934851
-0.11468,0.007808,0.933544,243934871
-0.138592,-0.000488,0.944768,243934891
-0.128344,0.025864,0.9272,243934911
-0.103944,0.022936,0.904264,243934931
-0.079544,0.020984,0.93208,243934952
-0.066856,0.00732,0.985272,243934972
-0.113704,-0.021472,1.010648,243934992
-0.13908,-0.042944,0.991128,243935012
-0.1342,-0.033184,0.96868,243935032
-0.08296,-0.005856,0.965264,243935052
-0.045384,-0.000488,0.957944,243935072
-0.041968,0.000488,0.948184,243935093
-0.052216,0,0.943792,243935113
-0.05368,0.005856,0.916464,243935133
-0.05612,0.017568,0.8906,243935153
-0.05124,0.030744,0.894504,243935173
-0.025376,0.044408,0.895968,243935193
0.019032,0.055144,0.89548,243935213
0.046848,0.052704,0.94672,243935234
-0.000976,0.02684,0.985272,243935254
-0.038064,0.015616,1.011136,243935274
-0.041968,0.01952,0.997472,243935294
-0.041968,0.035136,0.952088,243935314
-0.06344,0.038552,0.931592,243935334
-0.063928,0.035136,0.955504,243935354
-0.067344,0.037088,0.976976,243935375
-0.0854,0.018056,0.968192,243935395
-0.096136,0.024888,0.959896,243935415
-0.084424,0.0488,0.931104,243935435
-0.101992,0.037576,0.911096,243935455
-0.105408,0.0366,0.925736,243935475
-0.099064,0.02196,0.9516,243935495
-0.09516,0.022936,0.95404,243935515
-0.088816,0.041968,0.938424,243935536
-0.067344,0.087352,0.901824,243935556
-0.00244,0.116144,0.874984,243935576
-0.055144,0.093208,0.884744,243935596
-0.095648,0.08296,0.911584,243935616
-0.102968,0.094184,0.898408,243935636
-0.085888,0.12444,0.877424,243935656
-0.079056,0.118584,0.868152,243935677
-0.061488,0.110776,0.884744,243935697
-0.037576,0.12688,0.909144,243935717
-0.05856,0.124928,0.919392,243935737
-0.098088,0.107848,0.918416,243935757
-0.121024,0.10004,0.94184,243935777
-0.115656,0.103456,0.957456,243935797
-0.096136,0.122,0.943792,243935818
-0.061488,0.138592,0.915976,243935838
-0.074664,0.132248,0.915488,243935858
-0.1098,0.119072,0.906704,243935878
-0.117608,0.131272,0.888648,243935898
-0.103456,0.152744,0.867664,243935918
-0.086864,0.156648,0.85888,243935938
-0.08296,0.144936,0.870104,243935959
-0.091256,0.137128,0.892064,243935979
-0.084424,0.129808,0.904264,243935999
-0.067344,0.128344,0.906704,243936019
-0.070272,0.122976,0.911584,243936039
-0.094184,0.108336,0.915976,243936059
-0.106872,0.108336,0.922808,243936079
-0.103456,0.110288,0.932568,243936100
-0.086864,0.102968,0.957944,243936120
-0.083448,0.105408,0.982832,243936140
-0.117608,0.098576,0.9638,243936160
-0.138592,0.106872,0.924272,243936180
-0.131272,0.130784,0.88572,243936200
-0.10248,0.142984,0.881816,243936220
-0.113216,0.130296,0.888648,243936241
-0.125416,0.124928,0.90524,243936261
-0.118096,0.101016,0.909632,243936281
-0.076128,0.123952,0.933544,243936301
-0.054168,0.1098,0.952088,243936321
-0.06832,0.096624,0.972584,243936341
-0.074664,0.096136,0.965752,243936361
-0.071248,0.090768,0.945744,243936382
-0.061488,0.099552,0.944768,243936402
-0.04636,0.110776,0.954528,243936422
-0.05368,0.113704,0.94428,243936442
-0.042456,0.125416,0.925248,243936462
-0.022936,0.132248,0.882304,243936482
0.005368,0.1342,0.88328,243936502
-0.01464,0.11468,0.916952,243936523
-0.040016,0.097112,0.931104,243936543
-0.055632,0.0854,0.910608,243936563
-0.064416,0.085888,0.89304,243936583
-0.037576,0.094672,0.896944,243936603
0.012688,0.10736,0.925248,243936623
0.006344,0.096624,0.950136,243936643
0.016592,0.093696,0.97112,243936664
0.013664,0.082472,0.960872,243936684
0.030256,0.083936,0.940864,243936704
0.042944,0.091256,0.920856,243936724
0.052216,0.100528,0.906704,243936744
0.076128,0.11224,0.898896,243936764
0.094672,0.11468,0.912072,243936784
0.11224,0.095648,0.926712,243936805
0.118584,0.084424,0.965264,243936825
0.089304,0.061,1.018944,243936845
0.075152,0.048312,1.038952,243936865
0.071248,0.064416,1.00772,243936885
0.065392,0.078568,0.95404,243936905
0.057584,0.077592,0.922808,243936925
0.028304,0.070272,0.918904,243936946
0.006344,0.063928,0.912072,243936966
0.00488,0.067832,0.924272,243936986
0.001464,0.060512,0.93696,243937006
-0.011712,0.071736,0.94916,243937026
-0.008296,0.074176,0.943304,243937046
-0.00244,0.07564,0.935496,243937066
0.010736,0.08052,0.950624,243937087
0.014152,0.077592,0.955016,243937107
0.02928,0.078568,0.940864,243937127
0.048312,0.079544,0.967704,243937147
0.041968,0.067344,1.001864,243937167
0.054168,0.061976,0.975512,243937187
0.053192,0.073688,0.912072,243937207
0.016592,0.07076,0.89304,243937228
0.010736,0.069296,0.874984,243937248
0.030744,0.04636,0.882792,243937268
0.03904,0.03172,0.915976,243937288
0.05368,0.003416,0.942816,243937308
0.060024,-0.005856,0.943304,243937328
0.073688,-0.012688,0.930616,243937348
0.05368,-0.025864,0.917928,243937369
0.052704,-0.024888,0.905728,243937389
0.062952,-0.010736,0.902312,243937409
0.072712,0.004392,0.918416,243937429
0.061488,0.000976,0.9272,243937449
0.050752,0.006832,0.935496,243937469
0.05368,0.022936,0.94428,243937489
0.05856,0.02928,0.953064,243937510
0.052216,0.025864,0.970632,243937530
0.040016,0.01464,1.001864,243937550
0.02684,0.00976,1.02236,243937570
0.022448,0.015128,1.009672,243937590
0.035624,0.027816,0.9882,243937610
0.040992,0.039528,0.97112,243937630
0.029768,0.040016,0.951112,243937651
0.022448,0.040504,0.937936,243937671
0.012688,0.03416,0.940864,243937691
0.006344,0.035624,0.9516,243937711
-0.005856,0.036112,0.945744,243937731
-0.014152,0.039528,0.924272,243937751
-0.003904,0.04636,0.903776,243937771
-0.01464,0.045384,0.898896,243937791
-0.025864,0.04148,0.886696,243937812
-0.028304,0.05124,0.849608,243937832
-0.032696,0.06344,0.826184,243937852
-0.030256,0.050264,0.87108,243937872
-0.014152,0.042456,0.850096,243937892
0.054168,0.088328,0.773968,243937912
0.089304,0.112728,0.813496,243937932
-0.000488,0.034648,0.926224,243937953
-0.087352,-0.049288,0.93208,243937973
-0.063928,-0.056608,0.950624,243937993
-0.03416,-0.062464,0.951112,243938013
0.001952,-0.05612,0.963312,243938033
0.045384,-0.064904,0.987712,243938053
0.044408,-0.061,0.990152,243938073
0.037576,-0.077592,0.989664,243938094
0.052216,-0.052216,1.021384,243938114
0.042456,-0.062952,1.034072,243938134
0.022448,-0.081008,1.017968,243938154
0.005368,-0.096624,1.003816,243938174
-0.001952,-0.115168,1.021872,243938194
0.006344,-0.115168,1.067256,243938214
0.01952,-0.116144,1.044808,243938235
0.016592,-0.099064,1.015528,243938255
0.004392,-0.089792,0.986248,243938275
0.013176,-0.05856,0.938912,243938295
0.006344,-0.042944,0.913048,243938315
-0.001464,-0.042456,0.903776,243938335
-0.008784,-0.034648,0.916952,243938355
-0.015128,-0.033184,0.917928,243938376
-0.001952,-0.038064,0.90524,243938396
0.02928,-0.027328,0.9028,243938416
0.026352,-0.032208,0.933544,243938436
-0.00732,-0.058072,0.94916,243938456
-0.023912,-0.061488,0.953552,243938476
-0.043432,-0.066856,0.95648,243938496
-0.037088,-0.06588,0.945256,243938517
-0.008296,-0.027816,0.92232,243938537
0.00488,-0.006832,0.896456,243938557
-0.005856,-0.004392,0.907192,243938577
-0.025864,-0.022936,0.937936,243938597
-0.04636,-0.042456,0.9638,243938617
-0.049288,-0.046848,0.962824,243938637
-0.061488,-0.050264,0.936472,243938658
-0.064416,-0.038064,0.92964,243938678
-0.060024,-0.02684,0.928664,243938698
-0.029768,0.015128,0.91744,243938718
-0.027816,0.016592,0.911584,243938738
-0.062464,0.003904,0.91256,243938758
-0.05856,0.017568,0.896456,243938778
-0.051728,0.032696,0.890112,243938799
-0.04392,0.05124,0.917928,243938819
-0.059536,0.036112,0.928664,243938839
-0.0488,0.042944,0.920368,243938859
-0.042944,0.025864,0.926224,243938879
-0.061976,0.014152,0.96136,243938899
-0.077592,0.016592,0.968192,243938919
-0.07076,0.0488,0.922808,243938940
-0.064416,0.082472,0.88572,243938960
-0.079056,0.093208,0.87108,243938980
-0.10248,0.089304,0.872056,243939000
-0.11224,0.085888,0.87108,243939020
-0.120536,0.074664,0.876448,243939040
-0.09272,0.067832,0.887672,243939060
-0.042456,0.063928,0.911096,243939081
-0.022448,0.0488,0.920368,243939101
-0.032696,0.01708,0.92964,243939121
-0.040992,-0.01464,0.967704,243939141
-0.05124,-0.029768,0.997472,243939161
-0.054168,-0.017568,0.986736,243939181
-0.05856,0.008296,0.935984,243939201
-0.067344,0.033672,0.904264,243939222
-0.081008,0.05368,0.9028,243939242
-0.09028,0.066368,0.902312,243939262
-0.096136,0.080032,0.904752,243939282
-0.080032,0.103944,0.904752,243939302
-0.044896,0.136152,0.895968,243939322
-0.008296,0.149816,0.896456,243939342
-0.013664,0.131272,0.9394,243939363
-0.05368,0.094672,0.97112,243939383
-0.077592,0.077104,0.950136,243939403
-0.080032,0.081984,0.946232,243939423
-0.043432,0.088328,0.930616,243939443
-0.060512,0.083448,0.92964,243939463
-0.066856,0.096624,0.900848,243939483
-0.094672,0.113216,0.887672,243939504
-0.133224,0.098088,0.898896,243939524
-0.091744,0.125904,0.874496,243939544
-0.028304,0.190808,0.83204,243939564
-0.040016,0.194224,0.834968,243939584
-0.061,0.193248,0.860344,243939604
-0.056608,0.2074,0.896456,243939624
-0.05856,0.221552,0.876936,243939645
-0.05856,0.226432,0.84424,243939665
-0.053192,0.243512,0.839848,243939685
-0.052704,0.270352,0.86376,243939705
-0.062952,0.259128,0.893528,243939725
-0.059048,0.2074,0.915,243939745
-0.037576,0.171288,0.9516,243939765
-0.044896,0.125416,0.991616,243939786
-0.079056,0.076128,1.012112,243939806
-0.114192,0.028792,1.016016,243939826
-0.106384,0.023912,1.011136,243939846
-0.08784,0.036112,0.988688,243939866
-0.083936,0.036112,0.956968,243939886
-0.067832,0.04392,0.946232,243939906
-0.064416,0.045384,0.943304,243939927
-0.07808,0.03416,0.92476,243939947
-0.068808,0.037088,0.910608,243939967
-0.037088,0.05612,0.917928,243939987
-0.012688,0.064416,0.939888,243940007
-0.018056,0.057584,0.96868,243940027
-0.011224,0.052704,0.98576,243940047
0.013176,0.058072,0.991128,243940067
0.028304,0.065392,0.982832,243940088
0.00488,0.061,0.98332,243940108
-0.020984,0.0488,0.982344,243940128
-0.039528,0.044408,0.987712,243940148
-0.044896,0.04392,1.005768,243940168
-0.04392,0.040992,1.004792,243940188
-0.040504,0.054168,0.972584,243940208
-0.044408,0.07808,0.92476,243940229
-0.043432,0.100528,0.8906,243940249
-0.054656,0.085888,0.90768,243940269
-0.054168,0.075152,0.933544,243940289
-0.064416,0.072224,0.94672,243940309
-0.069296,0.076616,0.926712,243940329
-0.066368,0.089304,0.894016,243940349
-0.094672,0.077104,0.916952,243940370
-0.110776,0.065392,0.944768,243940390
-0.106384,0.05368,0.962336,243940410
-0.094184,0.061976,0.99064,243940430
-0.09516,0.057584,0.995032,243940450
-0.09272,0.039528,0.959408,243940470
-0.06588,0.04148,0.943304,243940490
-0.055632,0.050264,0.941352,243940511
-0.055144,0.061488,0.915,243940531
-0.05612,0.06588,0.880352,243940551
-0.054656,0.072712,0.860832,243940571
-0.061,0.075152,0.880352,243940591
-0.061488,0.081008,0.903288,243940611
-0.072224,0.071736,0.926224,243940631
-0.08296,0.048312,0.955992,243940652
-0.08052,0.042944,0.985272,243940672
-0.057096,0.045384,1.010648,243940692
-0.052216,0.04148,1.00772,243940712
-0.04636,0.033184,0.998448,243940732
-0.023424,0.028792,1.016504,243940752
-0.014152,0.024888,1.012112,243940772
-0.00732,0.038552,0.967704,243940793
-0.028792,0.047336,0.920856,243940813
-0.069784,0.035136,0.891576,243940833
-0.079544,0.028792,0.90768,243940853
-0.060024,0.052704,0.919392,243940873
-0.041968,0.081496,0.894016,243940893
-0.050752,0.091744,0.84668,243940913
-0.049288,0.111752,0.826184,243940934
-0.036112,0.115168,0.840824,243940954
-0.01952,0.099552,0.894016,243940974
-0.02196,0.069784,0.92476,243940994
-0.029768,0.055632,0.952088,243941014
-0.043432,0.049288,0.961848,243941034
-0.0732,0.02928,0.9882,243941054
-0.109312,0.002928,0.976976,243941075
-0.083936,0.014152,0.928176,243941095
-0.061976,-0.02196,0.929152,243941115
-0.060024,-0.057096,1.040904,243941135
-0.06588,-0.083936,1.13216,243941155
-0.078568,-0.064416,1.042368,243941175
-0.058072,-0.00732,0.924272,243941195
0.003416,0.038552,0.84912,243941216
0.03904,0.040016,0.872056,243941236
0.0244,0.018056,0.945256,243941256
0.00488,0.0122,0.923784,243941276
0.0244,0.033184,0.888648,243941296
0.061976,0.04636,0.85888,243941316
0.042944,0.020008,0.911584,243941336
0.00488,-0.037576,1.012112,243941357
-0.045872,-0.090768,1.058472,243941377
-0.06588,-0.105408,1.048224,243941397
-0.016104,-0.076128,1.026752,243941417
0.011224,-0.064904,0.986248,243941437
0.002928,-0.079544,0.959896,243941457
0.03416,-0.101504,0.97112,243941477
0.085888,-0.093696,1.025776,243941498
0.070272,-0.093696,1.152168,243941518
0.047824,-0.118096,1.323456,243941538
0.044896,-0.154696,1.426424,243941558
0.0732,0.001952,-0.36844,243941578
-0.116144,0.263032,-0.267912,243941598
-0.17324,0.113216,0.999912,243941618
-0.121512,-0.08052,0.623664,243941639
-0.166896,-0.001464,0.67588,243941659
-0.201056,0.031232,0.906216,243941679
-0.15372,-0.016592,1.091656,243941699
-0.054168,-0.07808,1.002352,243941719
0.033672,0.019032,0.876448,243941739
-0.157624,-0.03416,1.035048,243941759
-0.305488,-0.172264,1.088728,243941780
-0.26108,-0.216184,1.064328,243941800
-0.079056,-0.16592,1.016016,243941820
-0.020496,-0.167384,1.055544,243941840
-0.17568,-0.203984,1.22732,243941860
-0.197152,-0.228384,1.297104,243941880
-0.129808,-0.228872,1.272704,243941900
-0.1098,-0.189344,1.028216,243941921
-0.057096,-0.07076,0.758352,243941941
-0.020496,-0.025864,0.800808,243941961
0.031232,-0.022448,0.89304,243941981
-0.014152,-0.03416,0.882304,243942001
-0.062952,-0.033184,0.813008,243942021
-0.068808,-0.022936,0.741272,243942041
-0.089792,0.004392,0.745664,243942062
-0.06588,0.005856,0.743712,243942082
-0.083448,0.023424,0.737856,243942102
-0.14884,-0.0366,0.808616,243942122
-0.171776,-0.059536,0.864736,243942142
-0.183488,-0.0488,0.866688,243942162
-0.182024,-0.032696,0.849608,243942182
-0.154696,-0.019032,0.835944,243942203
-0.135176,0.006832,0.869128,243942223
-0.15128,-0.012688,0.906704,243942243
-0.146888,-0.003904,0.908168,243942263
-0.149328,0.010248,0.9272,243942283
-0.143472,-0.001952,0.942816,243942303
-0.119072,0.018056,0.910608,243942323
-0.125904,0.037088,0.907192,243942344
-0.120536,0.021472,0.940864,243942364
-0.062464,0.022448,0.94916,243942384
0.016592,0.047336,0.952088,243942404
0.06588,0.05856,0.975512,243942424
0.030256,-0.000488,0.955992,243942444
-0.040992,-0.059536,0.937936,243942464
-0.069784,-0.079544,1.000888,243942484
-0.04636,-0.086376,1.13216,243942505
0.010248,-0.120536,1.153632,243942525
-0.020008,-0.176168,1.123376,243942545
-0.06588,-0.20496,1.08336,243942565
-0.082472,-0.210328,1.0126,243942585
-0.00732,-0.149328,0.942816,243942605
0.091744,-0.110776,0.932568,243942625
0.131272,-0.121512,0.981368,243942646
0.097112,-0.162504,1.063352,243942666
0.010736,-0.2074,1.035536,243942686
-0.056608,-0.21228,0.906216,243942706
-0.08052,-0.164456,0.813008,243942726
-0.10736,-0.147376,0.864248,243942746
-0.052704,-0.115168,0.89548,243942766
-0.003904,-0.050264,0.837408,243942787
0.022448,-0.01464,0.737368,243942807
0.014152,0.032208,0.611952,243942827
-0.035624,0.07564,0.550464,243942847
0.032696,0.13664,0.588528,243942867
0.093696,0.13664,0.63684,243942887
0.062952,0.120048,0.646112,243942907
0.020984,0.093696,0.662216,243942928
0.00244,0.068808,0.713944,243942948
-0.015616,0.04148,0.842288,243942968
-0.05612,-0.008296,0.978928,243942988
-0.057584,-0.054656,1.107272,243943008
-0.051728,-0.074176,1.203408,243943028
-0.013176,-0.074664,1.22,243943048
-0.016104,-0.045872,1.108248,243943069
-0.020496,-0.04148,0.894016,243943089
0.025376,-0.08296,0.798856,243943109
0.037088,-0.155672,1.030656,243943129
0.008296,-0.224968,1.345904,243943149
-0.039528,-0.245464,1.482056,243943169
-0.081008,-0.233264,1.353224,243943189
-0.081008,-0.176656,1.119472,243943210
-0.086376,-0.117608,0.9394,243943230
-0.116632,-0.056608,0.813984,243943250
-0.113704,0.00488,0.757864,243943270
-0.11224,0.019032,0.764696,243943290
-0.11468,0.019032,0.784704,243943310
-0.097112,0.00732,0.825208,243943330
-0.069784,-0.01952,0.883768,243943351
-0.057096,-0.055632,0.950624,243943371
-0.042944,-0.087352,0.989176,243943391
-0.024888,-0.078568,0.941352,243943411
-0.042456,-0.074664,0.897432,243943431
-0.091744,-0.062952,0.854488,243943451
-0.084424,-0.040992,0.804224,243943471
-0.012688,0.02196,0.74908,243943492
0.013176,0.020984,0.709552,243943512
-0.028792,0.030744,0.656848,243943532
-0.158112,0.005368,0.723704,243943552
-0.146888,-0.038064,0.855464,243943572
-0.071736,-0.035136,0.9638,243943592
-0.010248,-0.033184,1.02236,243943612
-0.011712,-0.077592,1.101416,243943633
0.010736,-0.110288,1.118496,243943653
0.04148,-0.045384,1.038952,243943673
0.052216,-0.01464,0.96868,243943693
0.044408,-0.086864,1.052128,243943713
-0.003416,-0.154208,1.014064,243943733
-0.071736,-0.184464,1.077992,243943753
-0.068808,-0.26352,1.138016,243943774
-0.094672,-0.3294,1.199504,243943794
-0.227408,-0.406016,1.32736,243943814
-0.257664,-0.418216,1.362008,243943834
-0.15616,-0.327936,1.29076,243943854
-0.020496,-0.221552,1.086776,243943874
0.097112,-0.118096,0.84912,243943894
0.148352,-0.020008,0.665144,243943915
0.132736,0.03416,0.574864,243943935
0.073688,0.03904,0.593896,243943955
-0.006832,0.011224,0.693448,243943975
-0.025376,0.011712,0.792512,243943995
-0.00244,0.020496,0.854488,243944015
-0.022936,-0.004392,0.851072,243944035
-0.106872,-0.022448,0.817888,243944056
-0.15128,-0.020496,0.819352,243944076
-0.114192,-0.006344,0.848144,243944096
-0.0854,-0.001464,0.840336,243944116
0.000976,0.060512,0.867664,243944136
0.050752,0.061,0.925248,243944156
0.022448,0.055144,0.888648,243944176
-0.039528,0.042456,0.799344,243944197
-0.101992,0.024888,0.750544,243944217
-0.128832,0.028792,0.798368,243944237
-0.10492,0.01708,0.874496,243944257
-0.09272,-0.001952,0.900848,243944277
-0.111264,-0.020496,0.923296,243944297
-0.116632,-0.03904,0.97112,243944317
-0.07808,-0.004392,1.037488,243944338
-0.003416,-0.022448,1.07604,243944358
0.003904,-0.054656,0.994056,243944378
-0.046848,-0.099552,1.019432,243944398
-0.076616,-0.125904,1.121912,243944418
-0.141032,-0.179584,1.280512,243944438
-0.174216,-0.196664,1.301984,243944458
-0.093696,-0.105408,1.108736,243944479
-0.02196,-0.059536,0.903288,243944499
-0.05124,-0.034648,0.781776,243944519
-0.043432,-0.002928,0.742248,243944539
-0.03416,-0.045872,0.808128,243944559
-0.096624,-0.106384,0.86864,243944579
-0.105896,-0.121512,0.889136,243944599
-0.097112,-0.158112,0.938424,243944620
-0.084424,-0.177632,0.962336,243944640
-0.040504,-0.129808,1.008208,243944660
0.005368,-0.096136,1.065304,243944680
-0.027816,-0.106872,1.017968,243944700
-0.081496,-0.078568,0.864736,243944720
-0.10736,-0.057096,0.767136,243944740
-0.13664,-0.042944,0.693448,243944760
-0.1342,-0.006832,0.690032,243944781
-0.0854,0.030744,0.781776,243944801
-0.05612,0.033672,0.870592,243944821
-0.049776,0.035136,0.88328,243944841
-0.05368,0.034648,0.894504,243944861
-0.049288,0.022448,0.915488,243944881
-0.038064,0.020496,0.973072,243944901
-0.02684,-0.005368,1.042368,243944922
-0.03416,-0.018544,1.031632,243944942
-0.024888,-0.03416,1.02724,243944962
-0.0366,-0.0488,1.00772,243944982
-0.071248,-0.067832,0.937448,243945002
-0.084424,-0.071736,0.911096,243945022
-0.028304,-0.036112,0.891576,243945042
0.069784,-0.033184,0.889624,243945063
0.134688,-0.093208,0.9394,243945083
0.072712,-0.171776,1.174128,243945103
-0.03904,-0.249368,1.36884,243945123
-0.109312,-0.28304,1.340048,243945143
-0.088328,-0.237656,1.069208,243945163
0.028792,-0.148352,0.86864,243945183
0.128344,-0.047336,0.795928,243945204
0.188856,-0.01464,0.735904,243945224
0.168848,-0.024888,0.777872,243945244
0.119072,-0.094672,0.83692,243945264
0.06344,-0.12444,0.859856,243945284
0.076616,-0.120536,0.959896,243945304
0.050752,-0.170312,1.050176,243945324
0.028304,-0.172752,1.05164,243945345
0.020984,-0.149816,0.999424,243945365
0.015128,-0.125904,0.89304,243945385
0.0244,-0.080032,0.826672,243945405
0.020008,-0.064904,0.815936,243945425
0.024888,-0.041968,0.776896,243945445
0.037088,-0.015128,0.756888,243945465
0.069296,0.010736,0.786168,243945486
0.096624,0.019032,0.864736,243945506
0.068808,-0.00976,0.911096,243945526
0.034648,-0.035136,0.887184,243945546
0.00244,-0.054656,0.883768,243945566
-0.001952,-0.052216,0.918416,243945586
0.033184,-0.042456,0.982344,243945606
0.046848,-0.05368,1.036024,243945627
0.023424,-0.072712,1.048224,243945647
0.03172,-0.06832,1.009672,243945667
0.079544,-0.032208,0.988688,243945687
0.1464,0.022448,0.967216,243945707
0.193248,0.038064,0.907192,243945727
0.184952,-0.013664,0.955504,243945747
0.127856,-0.067832,1.10044,243945768
0.02928,-0.122488,1.236104,243945788
-0.074176,-0.142496,1.169248,243945808
-0.10004,-0.093696,1.001864,243945828
-0.084912,-0.043432,0.838384,243945848
-0.020984,0.026352,0.740784,243945868
-0.033672,0.05124,0.72956,243945888
-0.107848,0.047824,0.751032,243945909
-0.127856,0.001952,0.830576,243945929
-0.111264,-0.018056,0.899872,243945949
-0.061,-0.040504,0.938912,243945969
-0.005368,-0.042456,0.9516,243945989
0.03172,-0.041968,1.05896,243946009
0.022448,-0.062952,1.122888,243946029
-0.032696,-0.042944,1.035536,243946050
-0.075152,-0.055144,0.86132,243946070
-0.078568,-0.013664,0.753472,243946090
-0.057584,0.029768,0.732,243946110
-0.0244,0.040504,0.79056,243946130
-0.044896,0.042456,0.837896,243946150
-0.07076,0.03904,0.837408,243946170
-0.070272,0.05368,0.854976,243946191
-0.020008,0.07076,0.914024,243946211
0.010248,0.098088,0.926224,243946231
-0.01464,0.084912,0.879376,243946251
-0.0732,0.05612,0.83204,243946271
-0.122976,0.017568,0.859368,243946291
-0.156648,-0.015616,0.920856,243946311
-0.174216,-0.037088,0.981368,243946332
-0.164456,-0.04636,1.01992,243946352
-0.125904,-0.045384,1.060424,243946372
-0.08296,-0.033184,1.067744,243946392
-0.052704,-0.021472,1.051152,243946412
-0.0122,-0.046848,1.068232,243946432
0.028304,-0.081008,1.145336,243946452
0.061,-0.137128,1.25904,243946473
0.049776,-0.167384,1.294176,243946493
0.027816,-0.152256,1.160464,243946513
0.013176,-0.115168,1.016504,243946533
0.038552,-0.054656,0.885232,243946553
0.045384,-0.008784,0.75396,243946573
0.067344,0.034648,0.628056,243946593
0.0976,0.046848,0.610488,243946614
0.11224,-0.0244,0.752008,243946634
0.061976,-0.098576,0.890112,243946654
0.028792,-0.125904,1.00528,243946674
-0.009272,-0.152256,1.06872,243946694
0.011224,-0.104432,1.040416,243946714
0.027816,-0.068808,0.990152,243946734
0.00732,-0.020984,0.8784,243946755
-0.022936,0.00976,0.80764,243946775
-0.049776,0.035624,0.750544,243946795
-0.023424,0.070272,0.703696,243946815
-0.001952,0.081984,0.750544,243946835
0.044896,0.088328,0.855952,243946855
0.056608,0.061,0.916952,243946875
0.04636,0.037576,0.904264,243946896
0.011712,0.017568,0.889136,243946916
-0.025376,-0.00244,0.894992,243946936
-0.040016,-0.006344,0.893528,243946956
-0.045384,-0.003904,0.933544,243946976
-0.0488,-0.008784,0.99552,243946996
-0.053192,-0.011712,1.022848,243947016
-0.062952,-0.001464,0.945256,243947036
-0.062952,0.006832,0.933544,243947057
-0.042944,0.004392,1.007232,243947077
-0.027328,-0.000488,1.05408,243947097
-0.020008,-0.000976,1.025288,243947117
0.001952,0.002928,0.935496,243947137
0.028304,-0.012688,0.904264,243947157
0.010248,-0.054168,1.021872,243947177
-0.061976,-0.123464,1.157048,243947198
-0.130296,-0.17568,1.209264,243947218
-0.139568,-0.172752,1.127768,243947238
-0.112728,-0.133712,0.977952,243947258
-0.076128,-0.078568,0.854,243947278
-0.069784,-0.03904,0.755912,243947298
-0.072224,-0.016592,0.687104,243947318
-0.05856,-0.019032,0.680272,243947339
-0.024888,-0.04148,0.727608,243947359
0.02684,-0.05612,0.853512,243947379
0.060024,-0.074176,0.974536,243947399
0.066856,-0.099552,1.057984,243947419
0.044408,-0.13664,1.10532,243947439
-0.080032,-0.162504,1.099464,243947459
-0.142496,-0.201056,1.035048,243947480
-0.138104,-0.17812,0.89304,243947500
-0.131272,-0.135664,0.787144,243947520
-0.084424,-0.084424,0.767624,243947540
-0.054656,-0.079056,0.788608,243947560
-0.055632,-0.06344,0.843752,243947580
-0.05124,-0.081496,0.930128,243947600
-0.10736,-0.139568,1.00772,243947621
-0.054656,-0.077592,0.992592,243947641
-0.026352,-0.050752,0.931592,243947661
-0.016104,-0.018056,0.872544,243947681
-0.042456,-0.0244,0.852536,243947701
-0.061,-0.050752,0.91988,243947721
-0.081984,-0.071248,0.979904,243947741
-0.06588,-0.044408,0.972096,243947762
-0.077592,-0.04392,0.925736,243947782
-0.074176,-0.081008,0.898408,243947802
-0.048312,-0.099064,1.011624,243947822
-0.025376,-0.162016,1.147288,243947842
-0.023424,-0.269864,1.155096,243947862
-0.042944,-0.325496,1.183888,243947882
-0.062464,-0.317688,1.275632,243947903
-0.057584,-0.2562,1.247328,243947923
-0.01464,-0.179584,1.069696,243947943
0.040992,-0.106384,0.884256,243947963
0.073688,-0.05368,0.757864,243947983
0.081984,-0.029768,0.694424,243948003
0.053192,-0.020008,0.70272,243948023
-0.02684,-0.054656,0.772992,243948044
-0.089304,-0.100528,0.881328,243948064
-0.119072,-0.126392,0.952576,243948084
-0.122,-0.123952,0.951112,243948104
-0.10004,-0.101016,0.883768,243948124
-0.08052,-0.079544,0.828624,243948144
-0.067832,-0.053192,0.793,243948164
-0.053192,-0.02684,0.741272,243948185
-0.032696,-0.001952,0.721752,243948205
-0.01708,0.004392,0.743224,243948225
-0.009272,0.006344,0.793,243948245
-0.023912,-0.02684,0.85888,243948265
-0.042456,-0.05124,0.936472,243948285
-0.05368,-0.048312,0.959408,243948305
-0.064416,-0.027328,0.935984,243948326
-0.045872,-0.020496,0.915488,243948346
0.012688,0.00488,0.936472,243948366
-0.007808,-0.012688,0.994544,243948386
-0.005856,-0.020496,1.048224,243948406
-0.02928,-0.030256,1.065792,243948426
-0.028304,-0.039528,1.032608,243948446
-0.027816,-0.03904,0.97844,243948467
-0.02684,-0.082472,0.931592,243948487
-0.04636,-0.113216,1.006256,243948507
-0.066856,-0.1586,1.167784,243948527
-0.100528,-0.235216,1.304912,243948547
-0.11712,-0.240096,1.282952,243948567
-0.108336,-0.185928,1.109712,243948587
-0.101504,-0.1342,0.962336,243948608
-0.074664,-0.101504,0.8784,243948628
-0.049776,-0.0854,0.839848,243948648
-0.028304,-0.081008,0.861808,243948668
-0.00732,-0.074176,0.92476,243948688
-0.0244,-0.096624,0.969656,243948708
-0.062464,-0.114192,0.97844,243948728
-0.097112,-0.115168,0.953552,243948749
-0.140544,-0.11712,0.890112,243948769
-0.160064,-0.09516,0.821792,243948789
-0.159088,-0.066368,0.767136,243948809
-0.137128,-0.024888,0.734928,243948829
-0.125904,-0.000488,0.717848,243948849
-0.145912,0.000976,0.728096,243948869
-0.164456,0.000976,0.77104,243948890
-0.142496,0.005368,0.821792,243948910
-0.122488,-0.002928,0.902312,243948930
-0.15128,-0.035136,0.962336,243948950
-0.145912,-0.037088,0.94916,243948970
-0.112728,-0.005856,0.935496,243948990
-0.080032,-0.02684,0.926224,243949010
-0.051728,-0.023912,0.95404,243949031
-0.04636,-0.039528,1.00772,243949051
-0.088816,-0.055144,0.96624,243949071
-0.132736,-0.0488,0.904264,243949091
-0.129808,-0.05368,0.88572,243949111
-0.084424,-0.094184,0.904264,243949131
-0.079544,-0.129808,0.997472,243949151
-0.109312,-0.233752,1.225368,243949172
-0.188368,-0.323544,1.366888,243949192
-0.127856,-0.320616,1.360056,243949212
-0.077104,-0.203008,1.116056,243949232
-0.030256,-0.142008,0.934032,243949252
-0.027328,-0.093696,0.852536,243949272
0.00976,-0.054168,0.804224,243949292
0.010736,-0.032208,0.74176,243949312
-0.014152,-0.022936,0.752008,243949333
-0.063928,-0.050752,0.839848,243949353
-0.099552,-0.067344,0.8906,243949373
-0.092232,-0.04636,0.86376,243949393
-0.094672,-0.033672,0.787632,243949413
-0.0976,-0.007808,0.770064,243949433
-0.112728,0.004392,0.752008,243949453
-0.122,0.023912,0.723216,243949474
-0.130784,0.02928,0.703208,243949494
-0.121024,0.031232,0.727608,243949514
-0.091744,0.025864,0.822768,243949534
-0.077592,0.000488,0.90036,243949554
-0.07808,0.008784,0.893528,243949574
-0.083936,0.027816,0.857904,243949594
-0.103456,0.02684,0.810568,243949615
-0.1098,0.038552,0.809104,243949635
-0.07808,0.05612,0.877424,243949655
-0.084424,0.028304,0.915488,243949675
-0.091744,0.005856,0.923784,243949695
-0.064904,-0.007808,0.94184,243949715
-0.038552,-0.032208,0.97356,243949735
-0.030744,-0.046848,1.084824,243949756
-0.043432,-0.086376,1.204872,243949776
-0.069296,-0.129808,1.256112,243949796
-0.060512,-0.155672,1.196576,243949816
-0.060024,-0.167384,1.206824,243949836
-0.097112,-0.178608,1.245376,243949856
-0.130784,-0.147376,1.142408,243949876
-0.13908,-0.110776,0.962824,243949897
-0.113704,-0.06344,0.820816,243949917
-0.089792,-0.030256,0.7564,243949937
-0.069296,-0.047824,0.816424,243949957
-0.029768,-0.042944,0.915488,243949977
-0.027816,-0.04148,1.012112,243949997
-0.046848,-0.07076,1.016016,243950017
-0.061,-0.051728,0.943792,243950038
-0.074176,-0.050752,0.906216,243950058
-0.060024,-0.040016,0.88816,243950078
-0.042456,-0.027816,0.841312,243950098
-0.020496,-0.01464,0.808616,243950118
-0.028304,-0.006344,0.767624,243950138
-0.022448,0.011712,0.770552,243950158
-0.048312,0.00244,0.806664,243950179
-0.03172,-0.017568,0.826184,243950199
-0.006344,0.003904,0.780312,243950219
0.018544,0.010248,0.807152,243950239
0.029768,0.001464,0.914512,243950259
0.02684,-0.026352,1.014552,243950279
-0.00488,-0.053192,1.019432,243950299
-0.040504,-0.05124,0.974048,243950320
-0.057096,-0.050264,0.926712,243950340
-0.060512,-0.05612,0.896944,243950360
-0.024888,-0.088328,0.88328,243950380
0.007808,-0.141032,0.981856,243950400
-0.016104,-0.206424,1.197064,243950420
-0.04148,-0.290848,1.336632,243950440
-0.036112,-0.345504,1.31272,243950461
0.008296,-0.333304,1.196088,243950481
0.05856,-0.264984,1.148264,243950501
0.09028,-0.18788,1.08336,243950521
0.10492,-0.132248,0.930128,243950541
0.115656,-0.089304,0.758352,243950561
0.105408,-0.049288,0.684176,243950581
0.054168,-0.045872,0.73932,243950602
0.030256,-0.069784,0.87108,243950622
0.001952,-0.078568,0.942816,243950642
-0.031232,-0.107848,0.97356,243950662
-0.0488,-0.098088,0.872056,243950682
-0.053192,-0.05856,0.753472,243950702
-0.007808,-0.015128,0.716384,243950722
0.025376,0.01708,0.718336,243950743
0.026352,0.01708,0.704184,243950763
-0.016104,0.011224,0.713944,243950783
-0.001952,-0.003416,0.73688,243950803
0.001952,0.005368,0.757376,243950823
0.020984,0.018056,0.806176,243950843
0.004392,0.014152,0.884744,243950863
-0.054656,-0.030256,0.935008,243950884
-0.061,-0.068808,0.96624,243950904
-0.023912,-0.06344,0.970632,243950924
0.035624,-0.056608,0.999424,243950944
0.037088,-0.072712,1.08336,243950964
0.032696,-0.093208,1.15168,243950984
0.01952,-0.090768,1.14924,243951004
-0.003416,-0.082472,1.073112,243951025
-0.0366,-0.098576,0.974536,243951045
-0.057584,-0.14884,0.96868,243951065
-0.07076,-0.196664,1.159488,243951085
-0.062952,-0.215696,1.299544,243951105
-0.07808,-0.205936,1.25904,243951125
-0.080032,-0.186904,1.057984,243951145
-0.076616,-0.162016,0.88328,243951166
-0.095648,-0.12688,0.821304,243951186
-0.098088,-0.12932,0.867664,243951206
-0.081984,-0.145912,0.962824,243951226
-0.067344,-0.157136,1.008208,243951246
-0.07564,-0.162016,0.968192,243951266
-0.101016,-0.150792,0.911096,243951286
-0.105408,-0.130296,0.85156,243951307
-0.100528,-0.101016,0.774944,243951327
-0.088328,-0.054656,0.698816,243951347
-0.089304,-0.020008,0.674904,243951367
-0.094672,-0.005368,0.667584,243951387
-0.100528,-0.011712,0.66856,243951407
-0.078568,0.008784,0.700768,243951427
-0.078568,0.000488,0.776896,243951448
-0.070272,-0.014152,0.859368,243951468
-0.069784,-0.010736,0.942328,243951488
-0.052704,-0.020984,1.05652,243951508
-0.051728,-0.114192,1.07604,243951528
-0.042944,-0.134688,1.075552,243951548
-0.02196,-0.130784,1.083848,243951568
0.023424,-0.086376,0.984296,243951588
0.031232,-0.057584,0.93452,243951609
0.00732,-0.040016,0.941352,243951629
0.054656,-0.043432,0.970632,243951649
0.058072,-0.101016,0.974048,243951669
0.026352,-0.192272,1.118008,243951689
-0.052216,-0.269864,1.315648,243951709
-0.033184,-0.318664,1.375672,243951729
0.008296,-0.296704,1.209752,243951750
0.072712,-0.238144,1.095072,243951770
0.063928,-0.21472,1.075064,243951790
0.063928,-0.181048,1.00284,243951810
0.064416,-0.14884,0.86376,243951830
0.061,-0.105896,0.735904,243951850
0.007808,-0.080032,0.692472,243951870
-0.037088,-0.084912,0.701744,243951891
-0.064416,-0.074664,0.72468,243951911
-0.098576,-0.068808,0.723704,243951931
-0.13664,-0.057584,0.676368,243951951
-0.1708,-0.038064,0.6344,243951971
-0.178608,-0.012688,0.62708,243951991
-0.175192,-0.005368,0.639768,243952011
-0.159576,-0.020008,0.662216,243952032
-0.118096,-0.022936,0.726632,243952052
-0.082472,-0.040016,0.835456,243952072
-0.073688,-0.054168,0.939888,243952092
-0.073688,-0.054168,1.020408,243952112
-0.077592,-0.047824,1.032608,243952132
-0.080032,-0.04148,0.94916,243952152
-0.075152,-0.039528,0.930616,243952173
-0.078568,-0.048312,1.029192,243952193
-0.093208,-0.060024,1.081896,243952213
-0.110776,-0.076616,1.020896,243952233
-0.143472,-0.09272,1.034072,243952253
-0.135176,-0.128832,1.039928,243952273
-0.133224,-0.188368,1.09312,243952293
-0.144936,-0.219112,1.23708,243952314
-0.163968,-0.255224,1.35664,243952334
-0.150792,-0.243512,1.247816,243952354
-0.139568,-0.186416,1.030168,243952374
-0.122976,-0.150304,0.890112,243952394
-0.15616,-0.125416,0.884256,243952414
-0.140544,-0.132248,0.927688,243952434
-0.129808,-0.141032,0.933056,243952455
-0.07808,-0.138104,0.861808,243952475
-0.012688,-0.115168,0.84424,243952495
-0.01708,-0.116632,0.920856,243952515
-0.06344,-0.128344,0.95648,243952535
-0.110776,-0.133712,0.879864,243952555
-0.112728,-0.1098,0.789096,243952575
-0.094672,-0.082472,0.742248,243952596
-0.112728,-0.043432,0.708088,243952616
-0.132736,-0.027816,0.700768,243952636
-0.093208,-0.00976,0.714432,243952656
-0.064904,0.020496,0.743712,243952676
-0.052704,0.019032,0.780312,243952696
-0.040992,0.023424,0.835944,243952716
-0.038552,0.010736,0.886696,243952737
-0.05368,-0.01708,0.925248,243952757
-0.077592,-0.068808,0.977952,243952777
-0.101504,-0.09028,1.033096,243952797
-0.105896,-0.071736,1.01992,243952817
-0.105408,-0.050264,0.962336,243952837
-0.096624,-0.026352,0.930616,243952857
-0.054656,-0.033672,0.920856,243952878
-0.004392,-0.08052,0.933544,243952898
-0.010248,-0.133712,1.085312,243952918
-0.072224,-0.239608,1.233664,243952938
-0.118096,-0.316712,1.286856,243952958
-0.101992,-0.3172,1.248304,243952978
-0.02684,-0.260104,1.140456,243952998
0.074664,-0.185928,1.031632,243953019
0.166408,-0.097112,0.923296,243953039
0.216184,-0.032208,0.803248,243953059
0.230824,0.012688,0.710528,243953079
0.163968,0.047824,0.663192,243953099
0.056608,0.006344,0.709064,243953119
-0.055144,-0.087352,0.815448,243953139
-0.142008,-0.16104,0.888648,243953160
-0.169336,-0.149328,0.897432,243953180
-0.13664,-0.101992,0.881328,243953200
-0.079056,-0.083448,0.841312,243953220
-0.06344,-0.040992,0.776408,243953240
-0.038064,0.00244,0.756888,243953260
-0.028792,0.00976,0.734928,243953280
-0.000976,0.024888,0.755912,243953301
0.001952,0.018056,0.816912,243953321
-0.00976,0.00244,0.89548,243953341
-0.028304,-0.033184,0.96868,243953361
-0.058072,-0.061,1.014064,243953381
-0.077104,-0.066856,1.047248,243953401
-0.08052,-0.069296,1.076528,243953421
-0.052704,-0.05368,1.097024,243953442
-0.047336,-0.061,1.073112,243953462
-0.035136,-0.065392,1.041392,243953482
-0.044896,-0.052216,1.023336,243953502
-0.07564,-0.064416,1.033584,243953522
-0.112728,-0.109312,1.030168,243953542
-0.13664,-0.150304,1.104832,243953562
-0.123464,-0.174704,1.220488,243953583
-0.101016,-0.190808,1.23952,243953603
-0.101992,-0.174216,1.146312,243953623
-0.09516,-0.129808,0.996496,243953643
-0.083936,-0.088816,0.857904,243953663
-0.063928,-0.055632,0.788608,243953683
-0.015128,-0.03904,0.815936,243953703
0.016592,-0.047336,0.880352,243953723
-0.000976,-0.081008,0.904264,243953744
-0.048312,-0.088816,0.889136,243953764
-0.080032,-0.0854,0.861808,243953784
-0.10004,-0.067344,0.83204,243953804
-0.101016,-0.051728,0.794952,243953824
-0.089792,-0.022448,0.7442,243953844
-0.090768,-0.001952,0.692472,243953864
-0.105408,0.015616,0.64904,243953885
-0.118584,0.023912,0.653432,243953905
-0.130296,0.007808,0.735904,243953925
-0.135664,-0.036112,0.838384,243953945
-0.147376,-0.030256,0.914512,243953965
-0.132248,-0.068808,0.99064,243953985
-0.098576,-0.062464,0.955016,243954005
-0.062464,-0.037088,0.928176,243954026
-0.082472,-0.083936,1.00528,243954046
-0.05612,-0.11712,1.060424,243954066
-0.02684,-0.10004,1.051152,243954086
0.00244,-0.065392,1.01992,243954106
0.054168,-0.044896,0.972584,243954126
0.112728,-0.048312,0.90768,243954146
0.110288,-0.089792,1.07604,243954167
-0.021472,-0.220576,1.311744,243954187
-0.103944,-0.342576,1.421056,243954207
-0.121512,-0.390888,1.280024,243954227
-0.062464,-0.315248,1.09312,243954247
0.039528,-0.195688,1.048224,243954267
0.105408,-0.105408,0.960384,243954287
0.12932,-0.05612,0.81252,243954308
0.110776,-0.02928,0.682712,243954328
0.060512,-0.020984,0.601704,243954348
0.03416,-0.01464,0.610976,243954368
0.025376,-0.018056,0.746152,243954388
-0.005368,-0.063928,0.91744,243954408
-0.076128,-0.122976,0.955992,243954428
-0.123464,-0.134688,0.842776,243954449
-0.123952,-0.092232,0.739808,243954469
-0.102968,-0.06832,0.77104,243954489
-0.064904,-0.060024,0.816912,243954509
-0.069296,-0.057096,0.799344,243954529
-0.0854,-0.074176,0.814472,243954549
-0.05612,-0.069296,0.88816,243954569
-0.039528,-0.049288,0.950136,243954590
-0.041968,-0.034648,0.985272,243954610
-0.03904,-0.011712,0.983808,243954630
-0.048312,0.001464,0.932568,243954650
-0.047336,0.022448,0.854976,243954670
-0.013664,0.047336,0.902312,243954690
-0.022448,-0.008296,0.983808,243954710
-0.042456,-0.046848,0.908656,243954731
-0.033184,-0.048312,0.896456,243954751
-0.034648,-0.077104,1.086776,243954771
-0.122976,-0.142496,1.255624,243954791
-0.13176,-0.21472,1.345904,243954811
-0.084912,-0.21716,1.2078,243954831
-0.063928,-0.169824,1.071648,243954851
-0.052216,-0.136152,0.954528,243954872
-0.04636,-0.083936,0.81984,243954892
-0.106384,-0.082472,0.732976,243954912
-0.11224,-0.122976,0.734928,243954932
-0.062952,-0.1342,0.8662,243954952
-0.02684,-0.17324,0.999424,243954972
-0.035624,-0.213256,1.130208,243954992
-0.003416,-0.194712,1.242448,243955013
-0.029768,-0.20008,1.221464,243955033
-0.08296,-0.172752,1.008208,243955053
-0.093696,-0.115168,0.800808,243955073
-0.076128,-0.047824,0.660752,243955093
-0.066368,0.01464,0.597312,243955113
-0.057584,0.038552,0.601704,243955133
-0.054168,0.044408,0.630008,243955154
-0.055632,0.049776,0.689056,243955174
-0.060024,0.04636,0.794952,243955194
-0.066368,0.038552,0.882792,243955214
-0.086376,0.003416,0.940376,243955234
-0.0732,-0.031232,0.925736,243955254
-0.008296,-0.013176,0.91744,243955274
0.001952,-0.020496,0.948184,243955295
-0.038552,-0.06832,0.919392,243955315
-0.068808,-0.08784,0.890112,243955335
-0.069296,-0.09028,0.95892,243955355
-0.08784,-0.127368,1.094096,243955375
-0.080032,-0.132736,1.197064,243955395
-0.023912,-0.137616,1.1834,243955415
0.048312,-0.188368,1.01992,243955436
0.09272,-0.193736,1.002352,243955456
0.016104,-0.246928,1.250256,243955476
-0.025864,-0.328912,1.483032,243955496
-0.0244,-0.314272,1.417152,243955516
-0.00244,-0.27572,1.011624,243955536
0.105896,-0.176656,0.680272,243955556
0.119072,-0.072712,0.630984,243955577
0.122488,-0.059048,0.625128,243955597
0.135176,-0.061976,0.67832,243955617
0.174704,-0.039528,0.718336,243955637
0.150792,0.023912,0.75396,243955657
0.009272,-0.048312,0.839848,243955677
-0.027328,-0.11468,0.866688,243955697
0.004392,-0.040504,0.814472,243955718
0.010248,-0.007808,0.811056,243955738
0.05368,0,0.893528,243955758
0.098576,0.040016,0.885232,243955778
0.176168,0.106384,0.862784,243955798
0.154696,0.091744,0.857416,243955818
0.084912,0.03904,0.889136,243955838
0.055632,0.032208,0.957944,243955859
0.094184,0.032208,1.02968,243955879
0.074664,0.025376,1.0248,243955899
0.016104,-0.008296,0.951112,243955919
0.018056,0.00488,0.92232,243955939
-0.008784,-0.00976,0.928176,243955959
-0.005856,-0.017568,0.955504,243955979
0.068808,0.007808,0.995032,243956000
0.120048,0.04392,0.980392,243956020
0.111264,0.044896,1.01504,243956040
0.0488,-0.031232,1.172664,243956060
-0.020496,-0.14152,1.34688,243956080
-0.040504,-0.208376,1.34688,243956100
-0.037576,-0.20008,1.118984,243956120
-0.016104,-0.156648,0.891576,243956140
-0.011224,-0.088328,0.79056,243956161
0.010736,-0.079056,0.865712,243956181
0.089792,-0.05856,0.94916,243956201
0.108824,-0.07564,0.953552,243956221
0.051728,-0.11956,0.941352,243956241
-0.018056,-0.128344,0.912072,243956261
-0.02196,-0.124928,0.848144,243956281
0.020496,-0.120536,0.800808,243956302
0.055144,-0.096624,0.677832,243956322
0.044896,-0.054168,0.611952,243956342
0.03416,-0.062464,0.687104,243956362
-0.024888,-0.103456,0.714432,243956382
-0.019032,-0.118096,0.793,243956402
0.054168,-0.074176,1.006256,243956422
-0.006344,-0.14396,1.066768,243956443
-0.096136,-0.12444,0.947696,243956463
-0.068808,-0.074664,0.905728,243956483
-0.026352,-0.042944,0.889624,243956503
0.0488,-0.001464,0.98088,243956523
0.081008,-0.052216,0.996984,243956543
0.119072,-0.02928,0.944768,243956563
0.07076,-0.044896,0.964288,243956584
0.008784,-0.094672,1.050664,243956604
-0.023912,-0.10492,1.067744,243956624
-0.022448,-0.098088,0.983808,243956644
0.025864,-0.059536,0.943304,243956664
0.071248,-0.05124,0.958432,243956684
0.095648,-0.075152,0.987224,243956704
0.097112,-0.120536,1.075552,243956725
0.0122,-0.194712,1.210728,243956745
-0.076128,-0.24888,1.19072,243956765
-0.062952,-0.241072,1.004792,243956785
0.006832,-0.193248,0.827648,243956805
0.024888,-0.156648,0.83204,243956825
0.018544,-0.14884,0.840824,243956845
0.04392,-0.126392,0.747128,243956866
0.106872,-0.08052,0.671488,243956886
0.132248,-0.067832,0.741272,243956906
0.054168,-0.137616,0.900848,243956926
-0.045872,-0.201056,1.041392,243956946
-0.072712,-0.20252,1.075552,243956966
-0.074176,-0.15128,1.013576,243956986
-0.024888,-0.106384,0.987224,243957007
0.001464,-0.061488,0.939888,243957027
-0.017568,-0.030744,0.864248,243957047
-0.051728,-0.028304,0.813984,243957067
-0.018544,0.000976,0.879376,243957087
0.028304,-0.005856,0.934032,243957107
0.081984,0.030256,0.830576,243957127
0.14396,0.03172,0.826672,243957148
0.155184,-0.000488,0.821304,243957168
0.137128,-0.05124,0.938912,243957188
0.07564,-0.083936,1.105808,243957208
0.058072,-0.176656,1.185352,243957228
0.010248,-0.162504,0.989176,243957248
0.054656,-0.093208,0.853024,243957268
0.069296,-0.074664,0.820328,243957289
0.08784,-0.057584,0.92476,243957309
0.05856,-0.045384,0.985272,243957329
0.016104,-0.051728,0.961848,243957349
0.004392,-0.059048,0.91988,243957369
-0.00976,-0.059048,0.920856,243957389
-0.016104,-0.050752,0.986736,243957409
-0.041968,-0.086376,1.014064,243957430
-0.045384,-0.093696,0.991128,243957450
-0.027816,-0.071736,0.938912,243957470
-0.019032,-0.057096,0.90036,243957490
-0.013176,-0.051728,0.885232,243957510
-0.025864,-0.049776,0.898408,243957530
-0.037088,-0.058072,0.937936,243957550
-0.050264,-0.069784,0.931592,243957571
-0.047336,-0.057584,0.90524,243957591
0.018056,-0.028304,0.927688,243957611
0.04148,-0.0122,0.906216,243957631
0.001464,-0.024888,0.87108,243957651
-0.022936,-0.033184,0.918416,243957671
-0.044408,-0.048312,0.959408,243957691
-0.063928,-0.048312,0.917928,243957712
-0.06832,-0.04392,0.872544,243957732
-0.066856,-0.050264,0.867664,243957752
-0.052704,-0.065392,0.926712,243957772
-0.062464,-0.0854,0.94184,243957792
-0.054168,-0.098576,0.975512,243957812
-0.0488,-0.122488,0.981368,243957832
-0.0488,-0.11956,0.955504,243957853
-0.022936,-0.108336,0.931104,243957873
0.001952,-0.08052,0.906704,243957893
0.037576,-0.06344,0.918904,243957913
0.076128,-0.032696,0.916952,243957933
0.08052,-0.021472,0.895968,243957953
0.053192,-0.02928,0.90768,243957973
0.03172,-0.041968,0.886696,243957994
0.033184,-0.063928,0.889624,243958014
0.09028,-0.056608,0.91988,243958034
0.11712,-0.002928,1.0126,243958054
0.055144,-0.0244,1.048712,243958074
-0.028792,-0.054168,0.986248,243958094
0.00244,-0.037576,0.925248,243958114
0.05124,-0.035624,1.036024,243958135
0.027328,-0.069296,1.169248,243958155
-0.061488,-0.10004,1.147288,243958175
-0.174704,-0.104432,0.992104,243958195
-0.18788,-0.059048,0.859368,243958215
-0.124928,0.012688,0.840336,243958235
-0.099552,0.03416,0.850096,243958255
-0.086864,0.061488,0.811544,243958276
-0.125904,0.064416,0.769576,243958296
-0.183488,0.0366,0.803736,243958316
-0.228872,0.000976,0.89792,243958336
-0.25864,-0.044408,0.935008,243958356
-0.240096,-0.045872,0.951112,243958376
-0.194224,-0.019032,0.999912,243958396
-0.168848,0,0.95892,243958416
-0.159576,0.003904,0.898896,243958437
-0.16592,0.006832,0.903776,243958457
-0.154696,-0.001464,0.942816,243958477
-0.140056,-0.004392,0.954528,243958497
-0.126392,0.016592,0.94672,243958517
-0.127856,0.035136,0.939888,243958537
-0.166896,0.042456,0.901336,243958557
-0.203984,0.049776,0.862296,243958578
-0.20252,0.060512,0.891576,243958598
-0.15128,0.08052,0.955016,243958618
-0.099552,0.093208,0.999424,243958638
-0.067344,0.091744,0.999912,243958658
-0.075152,0.059048,0.996496,243958678
-0.12444,0.01952,1.031632,243958698
-0.152256,-0.018544,1.062864,243958719
-0.173728,-0.027816,1.03944,243958739
-0.17324,-0.0244,1.008696,243958759
-0.149816,-0.016104,0.9272,243958779
-0.072712,-0.016592,0.845216,243958799
0.008296,-0.032208,0.872544,243958819
0.0732,-0.072224,1.063352,243958839
0.041968,-0.104432,1.218536,243958860
0.028792,-0.1586,1.319552,243958880
0.010736,-0.171776,1.17852,243958900
0.003416,-0.145424,0.984296,243958920
0.003416,-0.12444,0.898408,243958940
-0.0122,-0.099064,0.88816,243958960
-0.040016,-0.105408,0.882792,243958980
-0.082472,-0.098576,0.823256,243959001
-0.11468,-0.080032,0.78568,243959021
-0.101016,-0.05856,0.787632,243959041
-0.07564,-0.031232,0.81008,243959061
-0.042944,-0.00244,0.811544,243959081
-0.02684,0.017568,0.786656,243959101
-0.022448,0.027816,0.7442,243959121
-0.016104,0.03416,0.728584,243959142
-0.019032,0.040992,0.730536,243959162
-0.028792,0.042456,0.737368,243959182
-0.024888,0.048312,0.772504,243959202
-0.00976,0.047824,0.839848,243959222
-0.02928,0.023912,0.920368,243959242
-0.066856,-0.00488,0.991616,243959262
-0.065392,0.000976,1.028704,243959283
-0.026352,0.038064,1.038952,243959303
0.010736,0.063928,1.002352,243959323
0.037576,0.079056,0.97356,243959343
0.054168,0.0854,1.003328,243959363
0.042944,0.072712,1.053592,243959383
0.006344,0.046848,1.045296,243959403
-0.021472,0.04148,0.952088,243959424
0.00244,0.033184,0.892552,243959444
0.019032,-0.00732,1.00284,243959464
-0.044896,-0.061976,1.163392,243959484
-0.083936,-0.12932,1.253184,243959504
-0.122,-0.12688,1.13948,243959524
-0.126392,-0.097112,0.959896,243959544
-0.144448,-0.081496,0.87108,243959565
-0.122,-0.076616,0.898896,243959585
-0.064904,-0.053192,0.955504,243959605
0.000488,-0.052704,0.996008,243959625
0.032208,-0.05124,0.977464,243959645
0.037576,-0.056608,0.92476,243959665
0.010736,-0.044408,0.871568,243959685
-0.0488,-0.05368,0.837408,243959706
-0.07808,-0.035136,0.786168,243959726
-0.097112,-0.021472,0.720288,243959746
-0.114192,-0.007808,0.726632,243959766
-0.101016,0.010736,0.77348,243959786
-0.081496,0.010736,0.793488,243959806
-0.072224,0.033672,0.811544,243959826
-0.089792,0.049288,0.786168,243959847
-0.134688,0.060024,0.868152,243959867
-0.17568,-0.015616,1.020896,243959887
-0.17812,-0.047336,1.031144,243959907
-0.115168,-0.00488,0.940864,243959927
-0.033672,0.016104,0.883768,243959947
-0.013664,0.00244,0.925248,243959967
-0.0244,-0.018056,0.979416,243959988
-0.026352,-0.000976,0.96624,243960008
-0.013176,0.020496,1.001376,243960028
-0.000488,-0.03172,1.015528,243960048
0.044408,-0.060024,0.983808,243960068
0.071248,-0.067344,1.096048,243960088
0.028304,-0.167384,1.333216,243960108
-0.028792,-0.282064,1.419104,243960129
-0.03904,-0.286456,1.184864,243960149
0.011712,-0.21716,0.926224,243960169
0.065392,-0.159576,0.892064,243960189
0.12444,-0.108336,0.947696,243960209
0.132736,-0.071736,0.916464,243960229
0.077592,-0.047336,0.790072,243960249
0.038552,-0.026352,0.708576,243960270
-0.01952,-0.02684,0.715896,243960290
-0.015616,-0.03416,0.859368,243960310
-0.039528,-0.072224,0.972584,243960330
-0.082472,-0.079544,0.947696,243960350
-0.086864,-0.05124,0.830088,243960370
0.00244,0.025864,0.781776,243960390
0.075152,0.061,0.787632,243960411
0.086864,0.08784,0.726144,243960431
0.046848,0.08784,0.671976,243960451
0.04148,0.06832,0.718336,243960471
0.105896,0.082472,0.816912,243960491
0.0854,0.052704,0.918904,243960511
0.079544,0.044896,0.936472,243960531
0.055144,0.042456,0.938912,243960552
0.003904,0.03904,0.949648,243960572
-0.025864,0.013664,0.90768,243960592
-0.054656,0.00976,0.968192,243960612
-0.04636,-0.0244,1.074576,243960632
-0.049776,-0.06344,1.143872,243960652
-0.019032,-0.05368,1.110688,243960672
-0.026352,-0.035624,1.027728,243960692
-0.045872,-0.050264,0.976976,243960713
-0.06588,-0.068808,1.061888,243960733
-0.04148,-0.087352,1.172176,243960753
-0.020984,-0.135664,1.179496,243960773
-0.070272,-0.136152,1.057008,243960793
-0.126392,-0.093208,0.8784,243960813
-0.164456,-0.058072,0.798856,243960833
-0.16836,-0.038064,0.831552,243960854
-0.119072,-0.03904,0.924272,243960874
-0.0854,-0.059048,1.00528,243960894
-0.08784,-0.07564,0.987224,243960914
-0.108336,-0.087352,0.9516,243960934
-0.121024,-0.084424,0.94672,243960954
-0.11468,-0.061976,0.913048,243960974
-0.108824,-0.028304,0.804224,243960995
-0.084424,0.02196,0.74176,243961015
-0.083936,0.04148,0.723216,243961035
-0.08052,0.051728,0.715408,243961055
-0.080032,0.061488,0.703696,243961075
-0.093696,0.049288,0.72468,243961095
-0.107848,0.047824,0.813496,243961115
-0.138104,0.00732,0.937448,243961136
-0.122488,-0.029768,1.019432,243961156
-0.089792,-0.011712,0.977464,243961176
-0.030744,0.006832,0.913048,243961196
0.004392,-0.020984,0.99064,243961216
-0.020496,-0.054656,1.047248,243961236
-0.059048,-0.059048,1.021384,243961256
-0.081984,-0.06344,0.945256,243961277
-0.021472,-0.071248,0.89304,243961297
0.049288,-0.065392,1.030168,243961317
-0.000976,-0.15372,1.22732,243961337
-0.093696,-0.248392,1.233664,243961357
-0.115168,-0.296216,1.150704,243961377
-0.086376,-0.313296,1.07604,243961397
-0.05612,-0.284016,1.084336,243961418
-0.006832,-0.22692,1.042856,243961438
0.10492,-0.138104,0.926712,243961458
0.177144,-0.103456,0.793,243961478
0.153232,-0.099552,0.723704,243961498
0.03904,-0.121512,0.738344,243961518
-0.065392,-0.15128,0.858392,243961538
-0.04392,-0.152256,0.9272,243961559
-0.026352,-0.108824,0.890112,243961579
-0.023424,-0.08296,0.860832,243961599
-0.033184,-0.075152,0.851072,243961619
-0.065392,-0.07076,0.814472,243961639
-0.09516,-0.065392,0.79788,243961659
-0.085888,-0.052704,0.830576,243961679
-0.039528,-0.025376,0.840336,243961700
0.010736,-0.007808,0.864248,243961720
0.014152,-0.003904,0.889624,243961740
-0.020984,-0.007808,0.922808,243961760
-0.039528,-0.002928,0.95648,243961780
-0.027328,0.01708,0.992104,243961800
-0.013176,0.032696,0.968192,243961820
-0.000488,0.040016,0.947208,243961841
-0.000976,0.024888,0.979904,243961861
0.0244,0.023912,1.009184,243961881
0.038552,0.030256,1.063352,243961901
0.024888,0.013664,1.055056,243961921
-0.030256,0.015616,0.956968,243961941
-0.0732,-0.00976,0.896944,243961961
-0.05124,-0.042944,0.958432,243961982
-0.0244,-0.091256,1.155096,243962002
-0.009272,-0.10736,1.210728,243962022
0.040016,-0.098576,1.181448,243962042
0.02196,-0.069296,1.05896,243962062
0.01708,-0.062952,0.91744,243962082
0.00244,-0.032696,0.822768,243962102
0.0732,0.00244,0.835456,243962123
0.130784,0.023424,0.898896,243962143
0.157624,0.0122,0.959896,243962163
0.091744,-0.013664,0.947696,243962183
0.009272,-0.037088,0.904264,243962203
-0.03172,-0.03172,0.844728,243962223
-0.0244,0.006344,0.791536,243962243
-0.01952,0.021472,0.772504,243962264
-0.0244,0.024888,0.759328,243962284
-0.0366,0.034648,0.752496,243962304
-0.069784,0.027328,0.770064,243962324
-0.084912,0.015616,0.815936,243962344
-0.088816,0.0122,0.865712,243962364
-0.073688,0.0122,0.901824,243962384
-0.058072,0.008784,0.92232,243962405
-0.044408,0.014152,0.89548,243962425
-0.022448,-0.000976,0.918416,243962445
-0.024888,-0.033672,1.022848,243962465
-0.023424,-0.027816,1.075064,243962485
-0.008296,-0.023912,0.998448,243962505
-0.010736,-0.01952,0.876936,243962525
0.032696,-0.010248,0.849608,243962546
0.06344,-0.044408,0.989176,243962566
0.027816,-0.116632,1.219024,243962586
-0.06832,-0.21228,1.345904,243962606
-0.100528,-0.264496,1.183888,243962626
-0.047824,-0.256688,0.976,243962646
0.048312,-0.191784,1.059936,243962666
0.135176,-0.122976,1.162904,243962687
0.194224,-0.06832,1.07604,243962707
0.19032,-0.029768,0.861808,243962727
0.156648,0.009272,0.709064,243962747
0.11224,0.041968,0.65392,243962767
0.092232,0.056608,0.651968,243962787
0.054168,0.051728,0.752008,243962807
-0.00976,0.000976,0.88816,243962828
-0.088816,-0.023424,0.91988,243962848
-0.098088,-0.008296,0.87352,243962868
-0.057096,0.037576,0.839848,243962888
-0.013176,0.061,0.827648,243962908
-0.018056,0.066856,0.781776,243962928
-0.028304,0.05856,0.775432,243962948
-0.020496,0.049776,0.822768,243962968
0.01708,0.058072,0.867176,243962989
0.040992,0.065392,0.916952,243963009
0.04392,0.055632,0.920856,243963029
0.0366,0.079544,0.864736,243963049
0.044408,0.067344,0.911096,243963069
0.01708,0.0244,0.965264,243963089
0.027816,0.011224,1.02236,243963109
0.04636,0.00488,1.066768,243963130
0.04636,0.001952,1.0492,243963150
0.0366,-0.000976,0.967216,243963170
0.037576,-0.026352,0.976,243963190
0.039528,-0.09272,1.141432,243963210
0.00732,-0.177632,1.349808,243963230
-0.037576,-0.22936,1.44204,243963250
-0.0732,-0.223992,1.306376,243963271
-0.086376,-0.189832,1.045296,243963291
-0.091256,-0.127368,0.867664,243963311
-0.091256,-0.094184,0.800808,243963331
-0.049288,-0.09272,0.808128,243963351
0.020496,-0.082472,0.860832,243963371
0.07808,-0.079544,0.942816,243963391
0.077592,-0.088328,1.017968,243963412
0.015616,-0.10004,1.035048,243963432
-0.044408,-0.101016,0.959408,243963452
-0.060024,-0.064904,0.843752,243963472
-0.052216,-0.026352,0.745176,243963492
-0.033184,0.023912,0.705648,243963512
-0.02684,0.045872,0.723216,243963532
-0.022448,0.062952,0.759328,243963553
-0.059536,0.0488,0.815936,243963573
-0.095648,0.052216,0.82228,243963593
-0.098576,0.05124,0.889624,243963613
-0.070272,0.07808,0.940864,243963633
0.00244,0.099064,0.955504,243963653
0.040016,0.0854,0.940376,243963673
0.062464,0.107848,0.923296,243963694
0.044896,0.076128,0.985272,243963714
-0.016104,0.033672,1.003328,243963734
-0.074664,0.025376,0.937448,243963754
-0.041968,0.005856,0.911584,243963774
0.006344,-0.018056,0.930616,243963794
0.033184,-0.05856,1.054568,243963814
-0.010248,-0.15372,1.240984,243963835
-0.045384,-0.223016,1.403976,243963855
-0.040016,-0.227408,1.42008,243963875
-0.00244,-0.198128,1.17608,243963895
0.07808,-0.101992,0.920368,243963915
0.1342,-0.020496,0.795928,243963935
0.15372,0.013176,0.793488,243963955
0.142008,0.018056,0.794464,243963976
0.086864,0.017568,0.766648,243963996
0.021472,0.018056,0.75152,243964016
-0.018544,0.011224,0.79544,243964036
-0.044408,0.00976,0.848144,243964056
-0.069296,0.01952,0.83204,243964076
-0.097112,0.031232,0.784704,243964096
-0.100528,0.058072,0.737368,243964117
-0.071736,0.094184,0.719312,243964137
-0.044408,0.120048,0.754448,243964157
-0.040992,0.125904,0.815448,243964177
-0.044896,0.111264,0.853024,243964197
-0.037088,0.116144,0.859368,243964217
-0.050264,0.118584,0.879864,243964237
-0.076616,0.125416,0.886696,243964258
-0.102968,0.123464,0.9028,243964278
-0.106384,0.132736,0.875472,243964298
-0.013176,0.178608,0.921832,243964318
0.011712,0.146888,1.001864,243964338
-0.033184,0.109312,1.031632,243964358
-0.067832,0.092232,1.031632,243964378
-0.079056,0.074176,1.004792,243964399
-0.09028,0.071248,1.016504,243964419
-0.101016,-0.001952,1.165832,243964439
-0.138104,-0.074664,1.306376,243964459
-0.169336,-0.13908,1.37372,243964479
-0.181536,-0.135664,1.25172,243964499
-0.138104,-0.072224,1.033584,243964519
-0.12444,-0.0244,0.885232,243964540
-0.13664,0.008296,0.771528,243964560
-0.172752,0.03416,0.723704,243964580
-0.1586,0.01952,0.760792,243964600
-0.087352,0.028304,0.805688,243964620
-0.014152,0.027328,0.877912,243964640
-0.01708,-0.003904,0.96624,243964660
-0.06344,-0.020496,1.016992,243964681
-0.097112,-0.006344,0.914512,243964701
-0.120536,0.011712,0.773968,243964721
-0.110288,0.055144,0.7198,243964741
-0.100528,0.096136,0.732,243964761
-0.083448,0.113216,0.767136,243964781
-0.091256,0.123952,0.798368,243964801
-0.124928,0.11224,0.825208,243964822
-0.164456,0.097112,0.835456,243964842
-0.144936,0.103456,0.833992,243964862
-0.089304,0.122488,0.834968,243964882
-0.03904,0.144448,0.855464,243964902
-0.013176,0.117608,0.917928,243964922
-0.027816,0.069784,0.989664,243964942
-0.044896,0.04392,1.031144,243964963
-0.086376,0.02684,1.013088,243964983
-0.111264,0.032208,0.996008,243965003
-0.107848,0.019032,1.042856,243965023
-0.076616,0.000976,1.048224,243965043
-0.08296,-0.022936,1.138016,243965063
-0.11468,-0.09272,1.284904,243965083
-0.10248,-0.16592,1.313208,243965104
0,-0.16836,1.101904,243965124
0.081984,-0.119072,0.989176,243965144
0.11712,-0.071248,1.06872,243965164
0.126392,-0.064416,1.138504,243965184
0.094672,-0.079056,1.044808,243965204
0.087352,-0.066368,0.832528,243965224
0.0854,-0.019032,0.744688,243965244
0.068808,0.005856,0.724192,243965265
0.040992,0.031232,0.727608,243965285
-0.008296,0.032208,0.754448,243965305
-0.060024,0.008784,0.742736,243965325
-0.069784,0.035624,0.718824,243965345
-0.060512,0.053192,0.684664,243965365
-0.05368,0.067344,0.740296,243965385
-0.063928,0.072712,0.803736,243965406
-0.097112,0.052216,0.88572,243965426
-0.11712,0.042456,0.860832,243965446
-0.101016,0.044896,0.900848,243965466
-0.045384,0.064416,0.966728,243965486
0.013176,0.07808,1.028216,243965506
0.03172,0.083448,1.035536,243965526
0.015128,0.081984,0.992104,243965547
-0.00244,0.08784,0.97112,243965567
0.006344,0.098088,0.99308,243965587
0.00732,0.086376,0.967216,243965607
0.019032,0.0854,0.965264,243965627
0.04148,0.0854,1.00528,243965647
0.04636,0.069784,1.03212,243965667
0.010736,0.060512,0.984784,243965688
-0.028792,0.044896,0.938424,243965708
-0.021472,-0.008296,0.997472,243965728
0.016104,-0.054168,1.158024,243965748
0.002928,-0.111264,1.325408,243965768
-0.054656,-0.149328,1.29076,243965788
-0.077592,-0.129808,1.059936,243965808
-0.068808,-0.071248,0.826184,243965829
-0.057584,-0.01952,0.728584,243965849
-0.019032,-0.004392,0.69052,243965869
0.077592,0.0122,0.738832,243965889
0.13908,-0.00732,0.831064,243965909
0.142496,-0.032208,0.881816,243965929
0.057096,-0.06832,0.964288,243965949
-0.055632,-0.10248,0.992592,243965970
-0.07076,-0.069784,0.884256,243965990
-0.021472,-0.006832,0.81496,243966010
0.003416,0.027816,0.804224,243966030
0.027816,0.064904,0.779336,243966050
0.00488,0.045384,0.8784,243966070
-0.029768,0.016104,0.868152,243966090
-0.042944,0.018544,0.822768,243966111
-0.03172,0.02928,0.832528,243966131
0.000976,0.029768,0.896456,243966151
-0.021472,0.004392,1.036512,243966171
-0.038552,-0.026352,0.996008,243966191
-0.089304,-0.005368,0.916952,243966211
-0.103456,-0.028792,0.987224,243966231
-0.07808,-0.049288,1.04676,243966252
0.003904,0.010736,0.953552,243966272
0.057584,0.039528,0.886696,243966292
0.081008,0.077592,0.896944,243966312
0.067344,0.012688,1.00528,243966332
0.055144,-0.020496,1.151192,243966352
0.046848,-0.06832,1.232688,243966372
0.078568,-0.132736,1.118008,243966393
0.132736,-0.178608,1.016016,243966413
0.137128,-0.196176,1.218048,243966433
0.097112,-0.203984,1.385432,243966453
0.052216,-0.174704,1.262456,243966473
0.062464,-0.127368,0.914024,243966493
0.114192,-0.047824,0.581696,243966513
0.135664,0.028304,0.427976,243966534
0.09272,0.015128,0.519232,243966554
0.056608,-0.068808,0.731024,243966574
0.021472,-0.122976,0.869128,243966594
-0.014152,-0.152256,0.93452,243966614
-0.055144,-0.157624,0.945256,243966634
-0.076616,-0.145912,0.95892,243966654
-0.092232,-0.133712,0.976,243966675
-0.099064,-0.108336,0.861808,243966695
-0.061976,-0.051728,0.765184,243966715
-0.053192,-0.04636,0.783728,243966735
-0.046848,-0.040016,0.86376,243966755
-0.04636,-0.038552,0.874008,243966775
-0.044896,-0.030256,0.872056,243966795
-0.042456,-0.006832,0.916952,243966816
-0.051728,-0.013664,0.926224,243966836
-0.059536,0.001952,0.84912,243966856
-0.030256,0.003416,0.80032,243966876
-0.027816,-0.023424,0.923296,243966896
-0.069296,-0.062952,1.016016,243966916
-0.071248,-0.09272,1.09556,243966936
-0.051728,-0.082472,1.094096,243966957
-0.005856,-0.077104,1.06628,243966977
-0.049288,-0.06344,0.97112,243966997
-0.063928,-0.118096,1.064328,243967017
-0.082472,-0.168848,1.236592,243967037
-0.036112,-0.215696,1.30784,243967057
0.013176,-0.260592,1.17364,243967077
-0.02684,-0.203496,1.045784,243967098
-0.039528,-0.1586,1.008208,243967118
-0.071248,-0.141032,0.949648,243967138
-0.05612,-0.127368,0.850096,243967158
-0.018056,-0.099064,0.794952,243967178
0.008296,-0.076616,0.828136,243967198
-0.003416,-0.081984,0.91256,243967218
-0.018056,-0.076616,0.94428,243967239
-0.047336,-0.06832,0.92476,243967259
-0.09516,-0.05856,0.83936,243967279
-0.122488,-0.039528,0.759816,243967299
-0.109312,-0.016104,0.752008,243967319
-0.081496,0.011712,0.796416,243967339
-0.076128,0.024888,0.852536,243967359
-0.093696,0.021472,0.846192,243967380
-0.11224,0.011224,0.830088,243967400
-0.115168,0.038064,0.815936,243967420
-0.121512,0.052704,0.859856,243967440
-0.08784,0.049776,0.875472,243967460
-0.045384,0.071736,0.850096,243967480
-0.0122,0.073688,0.83204,243967500
0.032208,0.049776,0.897432,243967521
0.061488,0.018056,1.012112,243967541
0.063928,-0.00244,1.113128,243967561
0.022936,-0.028304,1.048224,243967581
-0.050264,-0.004392,1.000888,243967601
-0.008296,-0.051728,0.925736,243967621
0.01464,-0.0854,0.973072,243967641
0.02684,-0.179584,1.288808,243967661
-0.013664,-0.28792,1.538664,243967682
0.009272,-0.3172,1.4884,243967702
0.0122,-0.218624,1.100928,243967722
0.114192,-0.05368,0.915,243967742
0.107848,0.010248,0.894992,243967762
0.101016,0.051728,0.793976,243967782
0.105896,0.081008,0.681248,243967802
0.128344,0.101992,0.67832,243967823
0.094672,0.072712,0.828624,243967843
0.012688,0.023424,0.925736,243967863
-0.078568,-0.011224,0.945256,243967883
-0.081008,0.004392,0.88572,243967903
-0.052704,0.040016,0.774456,243967923
-0.04392,0.081496,0.677832,243967943
-0.012688,0.113216,0.6832,243967964
0.027816,0.133712,0.733464,243967984
0.040992,0.119072,0.774944,243968004
0.00732,0.0854,0.772992,243968024
-0.025864,0.055144,0.815936,243968044
0.005368,0.055632,0.87108,243968064
0.01464,0.057096,0.922808,243968084
-0.04148,0.036112,0.901336,243968105
-0.05856,0.034648,0.870104,243968125
-0.021472,0.037576,0.916464,243968145
-0.000976,0.02928,0.988688,243968165
-0.018544,0.008296,1.069208,243968185
-0.015616,0.01464,1.103368,243968205
-0.010736,0.009272,1.0858,243968225
-0.031232,-0.015128,1.007232,243968246
-0.033672,-0.053192,1.032608,243968266
-0.042944,-0.096136,1.181936,243968286
-0.03904,-0.127856,1.258552,243968306
-0.045384,-0.132248,1.10776,243968326
-0.035136,-0.09516,0.94916,243968346
-0.08784,-0.086376,0.950624,243968366
-0.088816,-0.086376,0.974536,243968387
-0.067344,-0.069296,0.94184,243968407
-0.037088,-0.060512,0.90524,243968427
-0.026352,-0.064416,0.905728,243968447
-0.019032,-0.084912,0.950624,243968467
-0.055144,-0.115168,1.077504,243968487
-0.049288,-0.111264,1.127768,243968507
-0.050752,-0.061488,0.941352,243968528
-0.028304,-0.00976,0.781776,243968548
-0.034648,0.01952,0.72956,243968568
-0.059536,0.03416,0.699792,243968588
-0.069784,0.04148,0.740296,243968608
-0.083936,0.03416,0.748104,243968628
-0.09028,0.044896,0.77104,243968648
-0.064904,0.044896,0.851072,243968669
-0.059536,0.04148,0.897432,243968689
-0.041968,0.054656,0.913048,243968709
0.009272,0.071248,0.941352,243968729
0.0244,0.052704,0.97112,243968749
0.034648,0.032696,1.000888,243968769
0.027328,0.023424,1.061888,243968789
-0.00732,0.027816,1.014064,243968810
-0.056608,0.039528,0.906704,243968830
-0.050752,0.016592,0.872056,243968850
0.027328,-0.018544,0.914024,243968870
0.061,-0.083936,1.10532,243968890
-0.016592,-0.182512,1.309304,243968910
-0.102968,-0.270352,1.318576,243968930
-0.08296,-0.255712,1.130696,243968951
0.011712,-0.162504,1.00284,243968971
0.08784,-0.078568,1.01016,243968991
0.142008,-0.018056,0.989176,243969011
0.16348,0.020008,0.88572,243969031
0.14884,0.055144,0.755424,243969051
0.0976,0.052704,0.709064,243969071
0.035136,0.018544,0.816424,243969092
0.008296,-0.008296,0.96136,243969112
-0.035624,-0.037576,0.999424,243969132
-0.066368,-0.025376,0.877424,243969152
-0.054168,0.013176,0.731512,243969172
-0.04392,0.048312,0.716872,243969192
-0.011712,0.084424,0.747616,243969212
-0.001464,0.108336,0.711504,243969233
0.008296,0.119072,0.699304,243969253
0.023424,0.117608,0.71248,243969273
0.023912,0.106384,0.809104,243969293
-0.00976,0.0732,0.94672,243969313
-0.04148,0.056608,0.998448,243969333
-0.032208,0.086864,0.977952,243969353
-0.040992,0.075152,0.936472,243969374
-0.049776,0.074176,0.939888,243969394
-0.033184,0.071736,0.989664,243969414
-0.042456,0.052216,1.044808,243969434
-0.04392,0.052704,1.05652,243969454
-0.050264,0.039528,1.0126,243969474
-0.074176,0.01464,1.036024,243969494
-0.11224,-0.055632,1.17852,243969515
-0.123464,-0.11712,1.2932,243969535
-0.0976,-0.120048,1.32492,243969555
-0.088816,-0.098088,1.18828,243969575
-0.095648,-0.051728,0.975024,243969595
-0.109312,-0.005368,0.83448,243969615
-0.102968,0.029768,0.743224,243969635
-0.075152,0.052216,0.747128,243969656
-0.030744,0.057096,0.842288,243969676
0.013176,0.032208,0.982344,243969696
-0.010736,-0.020496,1.082872,243969716
-0.02928,-0.03416,1.048224,243969736
-0.039528,-0.029768,0.946232,243969756
-0.043432,-0.015616,0.840336,243969776
-0.032696,0.022936,0.748592,243969797
-0.061488,0.037576,0.685152,243969817
-0.078568,0.057096,0.66124,243969837
-0.081496,0.067344,0.69052,243969857
-0.083448,0.083936,0.767624,243969877
-0.10248,0.072712,0.845216,243969897
-0.127368,0.060512,0.84424,243969917
-0.090768,0.09272,0.89548,243969937
-0.09516,0.071736,1.011624,243969958
-0.10492,0.045384,1.026264,243969978
-0.060512,0.039528,1.055056,243969998
-0.040504,0.024888,1.07848,243970018
-0.028792,0.0366,1.043832,243970038
-0.05612,0.027328,0.989176,243970058
-0.059048,0.043432,0.94672,243970078
-0.035624,0.010248,0.99552,243970099
0.028304,0.01708,1.079944,243970119
0.057584,-0.061488,1.219024,243970139
-0.003416,-0.137128,1.363472,243970159
-0.094672,-0.188368,1.345904,243970179
-0.094184,-0.16104,1.074576,243970199
-0.012688,-0.066856,0.826184,243970219
0.074664,0.033184,0.779824,243970240
0.10492,0.065392,0.768112,243970260
0.116632,0.082472,0.782752,243970280
0.025376,0.030256,0.812032,243970300
-0.084424,-0.01464,0.833504,243970320
-0.103944,-0.010248,0.900848,243970340
-0.09272,0.00244,0.906704,243970360
-0.106872,0.029768,0.777872,243970381
-0.09272,0.072712,0.7076,243970401
-0.081008,0.106384,0.693448,243970421
-0.0732,0.127368,0.693936,243970441
-0.063928,0.130296,0.693936,243970461
-0.032208,0.14152,0.748592,243970481
-0.006344,0.140544,0.84424,243970501
-0.014152,0.123464,0.873032,243970522
-0.040992,0.115168,0.877912,243970542
-0.052216,0.121512,0.88328,243970562
-0.03904,0.123464,0.925736,243970582
-0.024888,0.118584,0.953552,243970602
0.005368,0.118584,0.98088,243970622
0.016104,0.101016,1.03456,243970642
-0.004392,0.066856,1.086776,243970663
-0.02684,0.03172,1.11264,243970683
0.003904,0.038064,1.150216,243970703
0.011224,0.020496,1.127768,243970723
-0.007808,-0.016592,1.097024,243970743
-0.034648,-0.072712,1.17608,243970763
-0.06588,-0.115168,1.23952,243970783
-0.08784,-0.123464,1.187792,243970804
-0.076128,-0.101016,0.99552,243970824
-0.077104,-0.056608,0.821304,243970844
-0.047824,-0.0244,0.759816,243970864
-0.013176,-0.01952,0.854,243970884
0.006832,-0.037088,0.959896,243970904
0.020008,-0.05856,0.959408,243970924
0.02196,-0.067832,0.955504,243970945
0.035624,-0.062464,0.986248,243970965
0.0122,-0.049776,0.971608,243970985
-0.033184,-0.044408,0.923784,243971005
-0.049288,-0.018544,0.79544,243971025
-0.038552,0.01464,0.740296,243971045
-0.0244,0.041968,0.7564,243971065
-0.020984,0.047824,0.823256,243971086
-0.046848,0.05856,0.857904,243971106
-0.048312,0.0854,0.83936,243971126
-0.040992,0.115168,0.794952,243971146
-0.042456,0.12444,0.804712,243971166
-0.040504,0.122488,0.868152,243971186
-0.021472,0.116632,0.886208,243971206
0.010248,0.100528,0.901824,243971227
0.02684,0.070272,1.012112,243971247
0.025376,0.05124,1.075552,243971267
0.024888,0.050752,1.050176,243971287
-0.005368,0.046848,1.026752,243971307
-0.027328,0.035136,0.972096,243971327
0.01952,0.040016,0.957944,243971347
0.085888,-0.001952,1.10532,243971368
0.077104,-0.113704,1.31272,243971388
0.009272,-0.2318,1.414224,243971408
-0.00976,-0.261568,1.32248,243971428
0.054168,-0.183976,1.123376,243971448
0.136152,-0.093696,0.966728,243971468
0.177632,-0.01708,0.871568,243971488
0.16592,0.015128,0.77348,243971509
0.13908,0.033184,0.691496,243971529
0.0976,0.044896,0.6832,243971549
0.042944,0.036112,0.718824,243971569
0.009272,0.0244,0.747616,243971589
-0.021472,0.022448,0.77836,243971609
-0.058072,0.015128,0.760792,243971629
-0.061488,0.040504,0.731512,243971650
-0.06344,0.05612,0.74176,243971670
-0.062952,0.064904,0.72712,243971690
-0.052216,0.088816,0.786656,243971710
-0.021472,0.090768,0.847168,243971730
-0.010736,0.081496,0.899872,243971750
-0.03904,0.05856,0.946232,243971770
-0.03416,0.057584,0.989664,243971791
-0.023912,0.09272,0.97356,243971811
0.023424,0.127368,0.991128,243971831
0.031232,0.14152,0.955992,243971851
0.002928,0.140056,0.921344,243971871
-0.002928,0.122488,1.010648,243971891
-0.022448,0.085888,1.109224,243971911
-0.023424,0.054656,1.094096,243971932
-0.015616,0.059536,1.048712,243971952
-0.0244,0.05368,0.996008,243971972
-0.020008,0.023912,1.061888,243971992
-0.027328,-0.031232,1.220976,243972012
-0.054656,-0.084912,1.322968,243972032
-0.07808,-0.111752,1.259528,243972052
-0.072224,-0.084424,1.028704,243972073
-0.059048,-0.0488,0.8784,243972093
-0.065392,-0.018056,0.825208,243972113
-0.071736,-0.020496,0.818376,243972133
-0.033672,-0.016592,0.831064,243972153
0.027328,-0.015128,0.874984,243972173
0.045384,-0.027816,0.955016,243972193
0.0122,-0.054168,0.996984,243972213
-0.030744,-0.064904,0.956968,243972234
-0.044896,-0.042944,0.881328,243972254
-0.027816,-0.001464,0.79544,243972274
-0.017568,0.033672,0.740296,243972294
-0.027816,0.061488,0.70272,243972314
-0.044896,0.076616,0.681736,243972334
-0.047824,0.09516,0.702232,243972354
-0.044896,0.101504,0.76372,243972375
-0.029768,0.113216,0.830088,243972395
-0.020008,0.111752,0.931592,243972415
-0.044408,0.11956,0.930128,243972435
-0.060512,0.129808,0.899872,243972455
-0.064904,0.130296,0.884744,243972475
-0.021472,0.125416,0.958432,243972495
0.040992,0.137616,1.067744,243972516
0.069784,0.120536,1.069696,243972536
0.018056,0.121024,0.989176,243972556
0.025864,0.116144,0.941352,243972576
0.062952,0.109312,0.978928,243972596
0.066368,0.044408,1.100928,243972616
0.010736,-0.061488,1.24684,243972636
-0.016104,-0.14152,1.403,243972657
0.00732,-0.189832,1.465464,243972677
0.04148,-0.169824,1.33468,243972697
0.099064,-0.09028,1.030656,243972717
0.162992,0.002928,0.798856,243972737
0.203984,0.07564,0.70516,243972757
0.189832,0.0854,0.676856,243972777
0.11956,0.071736,0.7198,243972798
0.033184,0.033672,0.816424,243972818
-0.03172,0.016104,0.885232,243972838
-0.079544,0.010736,0.877912,243972858
-0.067832,0.040016,0.806176,243972878
-0.035136,0.076128,0.743712,243972898
-0.0366,0.094184,0.735416,243972918
-0.073688,0.08784,0.772504,243972939
-0.111264,0.074664,0.781288,243972959
-0.084912,0.10004,0.744688,243972979
-0.02684,0.13664,0.711504,243972999
0.019032,0.144448,0.745664,243973019
0.042456,0.141032,0.832528,243973039
0.024888,0.124928,0.908168,243973059
-0.022448,0.118584,0.917928,243973080
-0.052704,0.115168,0.883768,243973100
-0.04636,0.11224,0.91744,243973120
-0.031232,0.101016,1.009672,243973140
-0.023424,0.086376,1.054568,243973160
-0.016592,0.077104,1.06628,243973180
-0.00976,0.073688,1.09068,243973200
-0.020496,0.040504,1.111176,243973221
-0.039528,0.004392,1.201944,243973241
-0.06344,-0.035136,1.286368,243973261
-0.05612,-0.057096,1.314184,243973281
-0.05124,-0.023424,1.146312,243973301
-0.060512,0.001952,0.9394,243973321
-0.066856,0.0488,0.762744,243973341
-0.078568,0.055144,0.716872,243973362
-0.060512,0.033184,0.89304,243973382
-0.000976,0.01708,1.031632,243973402
0.034648,-0.006344,1.034072,243973422
0.040016,-0.023424,1.00772,243973442
0.00976,-0.028792,0.977952,243973462
-0.017568,-0.033672,0.91256,243973482
-0.040504,-0.011712,0.859856,243973503
-0.047824,0.019032,0.774944,243973523
-0.079544,0.044896,0.676856,243973543
-0.067344,0.07808,0.614392,243973563
-0.038552,0.10004,0.652944,243973583
-0.040504,0.120536,0.723216,243973603
-0.044408,0.122,0.762744,243973623
-0.060024,0.116144,0.796416,243973644
-0.074664,0.109312,0.862296,243973664
-0.0366,0.11468,0.940376,243973684
0.015128,0.104432,0.997472,243973704
0.032208,0.081984,1.050176,243973724
0.026352,0.06344,1.10288,243973744
0.008296,0.032696,1.108248,243973764
-0.00244,0.044408,1.036512,243973785
0.022936,0.055144,0.964776,243973805
0.060512,0.047336,0.930616,243973825
0.057584,-0.007808,1.06872,243973845
-0.016592,-0.132248,1.278072,243973865
-0.040504,-0.196176,1.424472,243973885
-0.049288,-0.226432,1.35908,243973905
-0.028304,-0.155184,1.17852,243973926
0.037576,-0.022936,0.954528,243973946
0.069296,0.049776,0.789096,243973966
0.015128,0.045384,0.737856,243973986
-0.038064,0.054656,0.751032,243974006
-0.005856,0.095648,0.784216,243974026
-0.012688,0.050752,0.766648,243974046
-0.045384,-0.03416,0.849608,243974067
-0.074176,-0.021472,0.840824,243974087
-0.055632,0.040016,0.857416,243974107
-0.029768,0.0366,0.935984,243974127
-0.016104,0.033184,0.85644,243974147
-0.044896,0.07076,0.752984,243974167
-0.0488,0.071248,0.732488,243974187
-0.025376,0.0854,0.754448,243974208
-0.013664,0.073688,0.809104,243974228
0.010248,0.060512,0.875472,243974248
0.00732,0.040992,0.926224,243974268
0.032696,0.07564,0.939888,243974288
0.03904,0.10004,0.918416,243974308
0.01708,0.118584,0.89304,243974328
-0.014152,0.113704,0.85156,243974349
0.000488,0.126392,0.921344,243974369
0.02196,0.088816,1.049688,243974389
0.066856,0.084424,1.125816,243974409
0.113216,0.088328,1.181936,243974429
0.098576,0.072712,1.177056,243974449
0.041968,0.050264,1.122888,243974469
-0.02196,0.003904,1.10776,243974489
-0.061,-0.038064,1.159976,243974510
-0.064904,-0.056608,1.18584,243974530
-0.071248,-0.066856,1.103368,243974550
-0.09028,-0.081984,0.999912,243974570
-0.127856,-0.079056,0.922808,243974590
-0.169824,-0.064416,0.852536,243974610
-0.152744,-0.05612,0.803736,243974630
-0.096624,-0.046848,0.796416,243974651
-0.00732,-0.027816,0.83936,243974671
0.04636,-0.00976,0.899384,243974691
0.010736,-0.026352,0.98576,243974711
-0.0488,-0.048312,0.996496,243974731
-0.093208,-0.046848,0.892552,243974751
-0.101504,-0.00732,0.765672,243974771
-0.061488,0.05368,0.677344,243974792
-0.000488,0.103944,0.740784,243974812
-0.007808,0.092232,0.79788,243974832
-0.060512,0.07808,0.78324,243974852
-0.088328,0.072224,0.822768,243974872
-0.076128,0.067832,0.911584,243974892
-0.079056,0.058072,0.919392,243974912
-0.054168,0.099552,0.866688,243974933
-0.017568,0.11956,0.913536,243974953
0.020008,0.1342,0.933056,243974973
0.029768,0.106872,0.965752,243974993
0,0.094672,0.974048,243975013
-0.025864,0.07076,0.977952,243975033
-0.028304,0.07808,0.951112,243975053
0.046848,0.073688,0.957456,243975074
0.127856,0.060024,0.99552,243975094
0.118584,-0.009272,1.16388,243975114
0.042456,-0.10736,1.308816,243975134
-0.003904,-0.177632,1.374208,243975154
0.044408,-0.15616,1.283928,243975174
0.12444,-0.0854,1.037488,243975194
0.190808,-0.032208,0.891576,243975215
0.201056,0.009272,0.83936,243975235
0.184952,0.022448,0.83692,243975255
0.126392,0.010248,0.833992,243975275
0.055632,-0.015128,0.819352,243975295
0.014152,-0.026352,0.83936,243975315
0.001952,-0.020984,0.888648,243975335
-0.008784,-0.00732,0.89304,243975356
-0.036112,0.005856,0.820328,243975376
-0.067832,0.018056,0.73932,243975396
-0.062952,0.042944,0.690032,243975416
-0.035136,0.076616,0.669536,243975436
-0.024888,0.0976,0.696376,243975456
-0.023424,0.098088,0.755912,243975476
-0.01708,0.081984,0.815936,243975497
-0.007808,0.064904,0.862296,243975517
0,0.067344,0.923784,243975537
0.016592,0.066368,0.977464,243975557
0.013664,0.084424,0.935984,243975577
-0.008296,0.081008,0.902312,243975597
-0.046848,0.060512,0.922808,243975617
-0.077104,0.046848,0.976,243975638
-0.076128,0.046848,1.051152,243975658
-0.051728,0.033672,1.10044,243975678
-0.018544,0.032208,0.98332,243975698
0.001464,-0.009272,0.993568,243975718
-0.007808,-0.071248,1.248792,243975738
-0.047336,-0.159576,1.462536,243975758
-0.05368,-0.193736,1.49816,243975779
-0.062464,-0.156648,1.18096,243975799
-0.039528,-0.115656,0.980392,243975819
-0.074664,-0.081008,0.816424,243975839
-0.137616,-0.047824,0.74176,243975859
-0.16836,-0.040016,0.703696,243975879
-0.147376,-0.035136,0.711992,243975899
-0.061,-0.025376,0.794464,243975920
0.007808,-0.01464,0.903288,243975940
0.036112,-0.018056,0.992104,243975960
0.010736,-0.031232,1.052616,243975980
-0.045872,-0.035136,0.996496,243976000
-0.073688,-0.0122,0.855952,243976020
-0.06344,0.027816,0.76616,243976040
-0.045872,0.062464,0.753472,243976061
-0.04636,0.081008,0.768112,243976081
-0.05612,0.09272,0.776408,243976101
-0.062952,0.099552,0.776408,243976121
-0.060512,0.09516,0.847168,243976141
-0.0366,0.088816,0.957456,243976161
-0.0122,0.092232,1.032608,243976181
-0.004392,0.08296,1.087264,243976202
0.015616,0.064416,1.131184,243976222
0.055632,0.058072,1.125816,243976242
0.06832,0.066856,1.047736,243976262
0.037576,0.064904,0.940376,243976282
-0.00732,0.050752,0.854488,243976302
-0.020008,0.04636,0.818864,243976322
0.010736,0.024888,0.877912,243976343
0.042456,-0.033184,1.03944,243976363
0.050264,-0.125904,1.230736,243976383
0.015616,-0.205936,1.381528,243976403
0.031232,-0.20008,1.34444,243976423
0.052216,-0.13664,1.031144,243976443
0.121512,-0.029768,0.77836,243976463
0.147864,0.050752,0.7076,243976484
0.116632,0.071736,0.747128,243976504
0.037576,0.02928,0.800808,243976524
-0.018544,-0.010248,0.828624,243976544
-0.033184,-0.008784,0.837408,243976564
-0.01708,-0.005368,0.869616,243976584
-0.02684,-0.000488,0.900848,243976604
-0.033672,0.028304,0.87596,243976625
-0.03904,0.057584,0.80032,243976645
-0.03904,0.082472,0.7076,243976665
-0.01464,0.115656,0.679784,243976685
0.025864,0.135176,0.75396,243976705
0.0244,0.124928,0.826672,243976725
-0.016592,0.081008,0.864248,243976745
-0.025376,0.04636,0.882792,243976766
0.000976,0.050264,0.96624,243976786
0.04392,0.064904,1.08824,243976806
0.047336,0.079056,1.120936,243976826
0.006832,0.0732,1.018456,243976846
-0.025864,0.064904,0.920856,243976866
-0.028304,0.048312,0.989176,243976886
-0.024888,0.031232,1.095072,243976906
-0.02684,0.029768,1.064816,243976927
-0.006832,0.010736,1.010648,243976947
0.034648,-0.020496,1.071648,243976967
0.039528,-0.079544,1.214632,243976987
0.003416,-0.146888,1.367864,243977007
-0.020496,-0.159576,1.338096,243977027
-0.034648,-0.113216,1.069696,243977047
-0.04148,-0.053192,0.786656,243977068
-0.0732,0.005856,0.602192,243977088
-0.076616,0.036112,0.625128,243977108
-0.05612,0.022448,0.80276,243977128
-0.027816,0.008296,0.89548,243977148
-0.016592,-0.016104,0.886696,243977168
-0.016592,-0.029768,0.8784,243977188
-0.022936,-0.03172,0.923296,243977209
-0.026352,-0.011224,0.91988,243977229
-0.027328,0.020496,0.844728,243977249
-0.015616,0.06832,0.772016,243977269
0.008296,0.105408,0.7808,243977289
-0.000976,0.110776,0.84912,243977309
-0.043432,0.098088,0.884256,243977329
-0.059048,0.101992,0.844728,243977350
-0.020008,0.121512,0.844728,243977370
0.030744,0.150304,0.901824,243977390
0.055632,0.185928,0.917928,243977410
-0.001952,0.145424,0.937936,243977430
-0.005856,0.137128,0.933056,243977450
