x,y,z,t
34.3125,44.0625,420.3125,243926492
32,45.25,421.625,243926532
29.25,46.0625,422.125,243926573
28.4375,47.375,423.625,243926613
30.1875,46.6875,423.875,243926653
30.625,46.0625,423.125,243926693
32.5625,46.375,421.875,243926734
34.25,45.5625,421.5625,243926774
34.5,43.625,419.75,243926814
37.25,39.8125,414.4375,243926855
36.4375,38.0625,412.75,243926895
35.75,36.1875,411.6875,243926935
35.5,32.9375,410.5625,243926975
34.3125,32.3125,410.4375,243927016
33.9375,30.375,407,243927056
30.75,27.9375,406.6875,243927096
30.1875,27.875,406.75,243927137
29.375,24.6875,406.0625,243927177
28.4375,23.3125,404.875,243927217
25.125,23.9375,404.875,243927257
24.625,23.4375,404.1875,243927298
22.6875,23.875,404.875,243927338
21.0625,24.3125,405.3125,243927378
18.25,26.25,406.625,243927419
15.9375,28.1875,408.0625,243927459
14.375,27.5,408.8125,243927499
14.6875,29.25,409.75,243927539
14,32,410.4375,243927580
12.5,33.5,412.1875,243927620
12.0625,35.1875,414.25,243927660
12,36.9375,415.75,243927701
11.375,38.5625,416.8125,243927741
13.8125,41.125,418.375,243927781
14.875,42.875,420.25,243927821
13.8125,42.625,423.0625,243927862
15.4375,44.375,424.8125,243927902
18,46.8125,425.0625,243927942
20.5625,48.0625,425.875,243927983
23.0625,48.0625,426.5,243928023
25.5,48.875,427.4375,243928063
27.4375,48.375,427.5,243928103
31.125,47.3125,427.9375,243928144
32.75,48.0625,429.375,243928184
35.125,49.0625,430.3125,243928224
39.25,46.9375,432.625,243928265
39.625,46.875,433.3125,243928305
41.0625,46.4375,433.1875,243928345
38.9375,48,430.6875,243928385
38.875,47.625,428.375,243928426
39.4375,48.8125,431.4375,243928466
42.75,46.9375,431,243928506
42.1875,43.4375,431.3125,243928547
45.125,44.5625,430.875,243928587
46.5,43.5625,431.8125,243928627
48,43,431.5625,243928667
49.75,41,431.4375,243928708
50.9375,39.9375,429,243928748
51.5,37.9375,428.9375,243928788
51.8125,35.375,426.8125,243928828
52.875,34.4375,424.75,243928869
52.75,34.4375,424.1875,243928909
52.1875,34.3125,423.1875,243928949
51.125,30.75,420,243928990
51.25,28.4375,418.8125,243929030
50.25,26.8125,416.375,243929070
50.0625,25.5,414.5625,243929110
48.625,22.75,413.625,243929151
46.9375,21.375,411.6875,243929191
45.3125,19.8125,410.8125,243929231
42.6875,18.8125,408.6875,243929272
39.6875,18.625,407.125,243929312
37.4375,19.4375,406.5,243929352
33.75,21.1875,405.375,243929392
28.9375,23.6875,405.25,243929433
25.5625,24.5625,405.625,243929473
22.875,25.5625,406.1875,243929513
20.5625,28.3125,406.75,243929554
18.5,30.5625,407.1875,243929594
17.875,32.0625,409.0625,243929634
17.625,34.75,411.6875,243929674
15.5625,36.5625,414.3125,243929715
14.875,38,415.5,243929755
14.875,40.8125,417,243929795
13.3125,41.875,419.125,243929836
14.5,42.875,420.9375,243929876
16.6875,42.875,421.9375,243929916
16.5,44,422.1875,243929956
17.3125,44.25,425.1875,243929997
19.6875,47.5625,430.1875,243930037
21.375,48.6875,430.625,243930077
21.25,47.8125,432.125,243930118
25.4375,48.5,430.5,243930158
27.125,49.375,430.75,243930198
29.5625,48.875,432.375,243930238
29.375,48.9375,431.375,243930279
30.625,49.8125,433.5,243930319
32.8125,49.0625,433,243930359
35.25,48.25,432.1875,243930400
37.1875,48.4375,432.25,243930440
38.5625,47.4375,432.4375,243930480
43.0625,46.5,434.1875,243930520
45.125,45.0625,434.625,243930561
46,44.25,434.6875,243930601
49.0625,42.9375,435.625,243930641
49.375,42.375,434.8125,243930682
49.8125,40.5,432.875,243930722
51.375,38.8125,431.1875,243930762
52,38.125,429.9375,243930802
51.75,38.25,430,243930843
52.375,37.0625,428.8125,243930883
53.0625,36,428.4375,243930923
53.5,34.8125,427.5,243930963
53.3125,33.375,425.25,243931004
52.6875,32.8125,422.9375,243931044
51.8125,31.6875,419.9375,243931084
50.4375,30.625,418.125,243931125
49.375,30.375,417,243931165
47.6875,29.875,415.125,243931205
46.4375,28.1875,413.3125,243931245
43.8125,26.375,411.1875,243931286
41.125,27.25,409.5625,243931326
39,27.3125,408.3125,243931366
36.75,26.4375,408.1875,243931407
33.4375,26,406.3125,243931447
32,25.75,405.6875,243931487
27.3125,25.4375,406.5625,243931527
24.3125,28.0625,405.375,243931568
22.5625,29.5,406.5625,243931608
21.4375,29.625,406.375,243931648
19.6875,32.3125,409.5625,243931689
19.4375,33.6875,410.25,243931729
18.4375,36.9375,411.9375,243931769
19.375,38.9375,414,243931809
17.25,38.4375,416.25,243931850
15.9375,40.75,415.375,243931890
14.625,39.4375,418.125,243931930
15.125,40.9375,419.8125,243931971
15.6875,43.375,421.9375,243932011
17.125,45.125,423.75,243932051
17.25,44.8125,423.5,243932091
18.5,44.875,425.6875,243932132
19.9375,47.125,427.0625,243932172
20.375,47.625,426.5,243932212
20.875,46.4375,427.4375,243932253
22.5,47.4375,426.875,243932293
23.875,47.8125,427.4375,243932333
25.6875,48.0625,428,243932373
29.125,48.25,429.4375,243932414
29.5625,48,429.875,243932454
30.9375,48.0625,429.375,243932494
32,48.5625,429.875,243932535
32.8125,48.6875,430.6875,243932575
35.375,49.375,431.625,243932615
37,48.5,431.8125,243932655
37.9375,47.0625,431.5,243932696
39.5625,47.1875,432,243932736
41.0625,46.5,431.8125,243932776
41.1875,46.875,432.0625,243932817
43.375,45.8125,431.625,243932857
43.75,44.625,430.625,243932897
45.9375,41.9375,428.9375,243932937
46.375,42,427.5625,243932978
47.625,40.9375,425.9375,243933018
48.75,40.125,424.875,243933058
51.0625,36.9375,422.0625,243933099
48.3125,33.4375,419.9375,243933139
48,32.8125,418,243933179
47.5,29.4375,413.6875,243933219
46,26.9375,411.1875,243933260
44.1875,24.0625,411.375,243933300
41.0625,21.9375,408.75,243933340
40.9375,21.8125,407,243933380
38.5,20.375,405.5625,243933421
34.4375,22.4375,406.125,243933461
32.9375,23.4375,405.375,243933501
29.5,24.9375,405.6875,243933542
27,26.9375,405.875,243933582
23.4375,29.5625,406.5625,243933622
21.5625,33.0625,409.3125,243933662
20.875,36.0625,410.5,243933703
20.875,38.125,411.8125,243933743
21.375,38.6875,413.125,243933783
23,41.75,415.125,243933824
24.0625,42.1875,417.125,243933864
26.25,42.625,417.625,243933904
28.6875,42.625,417.3125,243933944
30.1875,42.4375,417.1875,243933985
33.0625,41.1875,417.25,243934025
36.375,40.6875,417.8125,243934065
37.4375,41.0625,417.5,243934106
38.1875,40.9375,417.8125,243934146
38.8125,41,418.25,243934186
39.5625,41,417.9375,243934226
39.9375,40.9375,417.8125,243934267
40.125,40.875,417.4375,243934307
39.8125,40.4375,418.0625,243934347
39.9375,39.875,417.9375,243934388
39.75,39.5625,417.0625,243934428
40.8125,39.25,417.3125,243934468
40.625,40.9375,418,243934508
40.5625,39.5,417.9375,243934549
39.6875,38.6875,417.6875,243934589
40.5,38.625,417.125,243934629
40.8125,38.625,417.25,243934670
40.375,40.25,417.4375,243934710
41.5,39.0625,416.9375,243934750
39.3125,39.25,418.1875,243934790
39.25,39.1875,415.6875,243934831
39.75,38.3125,414.6875,243934871
38.9375,38.4375,417.0625,243934911
39.75,39,416,243934952
39.25,39.875,416.4375,243934992
39.5625,39.125,414.8125,243935032
38.625,38.4375,415.8125,243935072
39.875,38.5625,415.875,243935113
40.9375,37.875,414.8125,243935153
40.6875,38.5625,414.875,243935193
40.75,37.375,415.8125,243935234
39.5,38.8125,417.375,243935274
39.6875,38.1875,416.1875,243935314
39.4375,37.8125,415.125,243935354
39.4375,37.875,414.0625,243935395
39.8125,38.4375,415.1875,243935435
40.375,38.125,415.25,243935475
39.8125,37.875,415.75,243935515
40.125,36.6875,415.125,243935556
39.5625,36.875,414.625,243935596
40.125,36.9375,414.375,243935636
41,37.375,414.4375,243935677
41.4375,37.625,414.5625,243935717
41.25,37.8125,414.5625,243935757
42.25,36.625,415,243935797
42.375,35.9375,414.8125,243935838
41.25,35.625,414.9375,243935878
40.75,36.5625,414.875,243935918
40.875,36.9375,415.0625,243935959
40.6875,36.5,415.0625,243935999
40.5,36.5,414.5,243936039
40.375,37.125,413.9375,243936079
39.8125,37.125,413.5,243936120
40.125,38.0625,414.4375,243936160
39.625,38.0625,414.375,243936200
38.5625,37.0625,414.25,243936241
39.5,37.125,415.125,243936281
38.4375,38.25,414,243936321
38.625,36.75,414.25,243936361
38.5625,37.9375,414.75,243936402
37.75,38.25,413.0625,243936442
39.8125,38.75,413.0625,243936482
38.25,37.4375,413.75,243936523
39.0625,37.5625,412.25,243936563
38.3125,37.875,413.625,243936603
37.375,36.5,413.625,243936643
38.625,36,413.9375,243936684
37.6875,38,413.9375,243936724
36.3125,37.25,412.4375,243936764
38.0625,36.4375,413,243936805
37.3125,36.8125,414.25,243936845
37.4375,36.625,414.0625,243936885
37.9375,36.9375,413.3125,243936925
38.5,37,413.875,243936966
39.0625,38.1875,413.9375,243937006
39.125,37.75,414.125,243937046
38.625,38.125,413.75,243937087
38.3125,37.625,413.6875,243937127
37.9375,37.25,413.8125,243937167
38.8125,38.5,414.4375,243937207
38.875,38.5,414.375,243937248
39.0625,37.3125,414.0625,243937288
37.375,38,413.9375,243937328
36.9375,39,414.125,243937369
37.5625,39.0625,413.6875,243937409
37.1875,39.4375,414.4375,243937449
37.3125,38.8125,415,243937489
37.0625,38.5,415.25,243937530
37.25,38.625,415.1875,243937570
37.875,38.875,415.375,243937610
36.4375,38.625,415.3125,243937651
38.1875,38.9375,414.875,243937691
39.5,39.6875,413.8125,243937731
38.6875,38.6875,414.8125,243937771
39.3125,39.5,415.6875,243937812
38.75,38.75,415.8125,243937852
39.6875,39.3125,415.5,243937892
38.3125,39.0625,416.1875,243937932
38.3125,39.875,416,243937973
37.875,39.875,416.125,243938013
36.875,40.5,414.625,243938053
35.8125,41.25,416.0625,243938094
34.375,41.25,417.125,243938134
33.3125,43,416.5,243938174
33.625,42,417.1875,243938214
33.25,42.5,417.625,243938255
36.25,42.4375,416.6875,243938295
35.6875,41.4375,417.25,243938335
36.3125,41.5625,416.75,243938376
35.3125,41.0625,416.375,243938416
34.875,41.5625,417.625,243938456
35.75,40.4375,416.6875,243938496
35.6875,42.3125,416.625,243938537
34.9375,41,417.8125,243938577
33.8125,41.125,415.75,243938617
34.8125,40.875,415.5,243938658
35.8125,41.0625,415.375,243938698
35.125,40.5,415.5,243938738
36.5625,40.875,415.5625,243938778
36.625,41.6875,416.9375,243938819
35.9375,40.125,416.375,243938859
36.25,39.625,416.25,243938899
36.875,40.125,416.25,243938940
36.8125,40.0625,414.9375,243938980
36.5625,40.5,415.25,243939020
36.4375,40.5,416.5,243939060
36.5625,40.3125,415.1875,243939101
37.3125,40.25,414.8125,243939141
37.125,40.125,415.625,243939181
37.5,39.3125,414.6875,243939222
37.8125,39.25,415.25,243939262
38.0625,39.25,415.0625,243939302
38.6875,39.125,415.5,243939342
38.5,39.3125,414.9375,243939383
37.8125,38.75,414.875,243939423
38.0625,38.5,414.8125,243939463
38.0625,37.6875,415.5,243939504
39.5,36.9375,414.75,243939544
40.0625,35.9375,414,243939584
40.4375,35.8125,413,243939624
41.625,35.9375,413.0625,243939665
40.6875,34.625,414.375,243939705
41.3125,34.9375,413.4375,243939745
40.6875,35.3125,414.75,243939786
41.5,36.5,414.3125,243939826
40.25,35.375,415.0625,243939866
40.0625,37,414.375,243939906
41.5,36.875,413.6875,243939947
41.0625,36.9375,414.625,243939987
40.625,37.125,414.8125,243940027
41.4375,36.5625,415.5625,243940067
41.6875,36.0625,414.625,243940108
41.3125,35.8125,414.8125,243940148
41.9375,36.75,415.1875,243940188
41.125,37.375,415.3125,243940229
41.375,37.625,414.125,243940269
41,37.625,414.25,243940309
40.5,37.25,414.75,243940349
40.625,38.3125,415.375,243940390
40.5,38.25,415.6875,243940430
41.1875,37.6875,415.75,243940470
41.6875,37.375,415.75,243940511
41.4375,37.3125,416.6875,243940551
41.8125,37.6875,416,243940591
42,38.3125,415,243940631
41.875,38.4375,415.3125,243940672
41.8125,37.1875,415.875,243940712
41.6875,37,416.125,243940752
40.8125,38.9375,415.9375,243940793
41.6875,39.625,416,243940833
41.5625,38.6875,416,243940873
41.6875,38,416.1875,243940913
41.875,39.25,415.5625,243940954
42.125,38.875,417.0625,243940994
42.0625,37.9375,416.75,243941034
41.3125,37.625,416.0625,243941075
41.875,38.5625,416.9375,243941115
39.9375,39.4375,416.5625,243941155
40.5625,40.8125,418,243941195
39.875,40.125,417.375,243941236
40.125,39.0625,417.625,243941276
39.625,41.875,416.5,243941316
40.4375,41.125,417.3125,243941357
40.4375,41.0625,418.3125,243941397
39.375,39.6875,417.9375,243941437
38.875,40.25,417.25,243941477
38.875,41.4375,418.3125,243941518
38.875,42.375,417,243941558
41.875,40.4375,418.375,243941598
44.1875,40.625,418.625,243941639
44.25,41,419.375,243941679
43,41.1875,420.1875,243941719
42.75,41.4375,419.9375,243941759
42.4375,43.375,420.25,243941800
41.5,44.3125,423,243941840
41.125,44.5625,422.5625,243941880
40.875,44.6875,422.5625,243941921
41.1875,44.0625,423.0625,243941961
41,43.8125,421.375,243942001
41.5,44.0625,421,243942041
42.3125,43,420.625,243942082
42.875,42,420.0625,243942122
42.5625,42.125,419.6875,243942162
42.125,43.5,419.5625,243942203
42.75,43.875,418.8125,243942243
42,42.4375,418.25,243942283
41.875,43.375,419.875,243942323
42.25,44.375,419.75,243942364
42.8125,43,418.0625,243942404
42.625,43.0625,416.5625,243942444
42.75,44,416.5,243942484
42.1875,44,416.875,243942525
41.625,44.6875,418,243942565
41,45.25,418.875,243942605
41.625,45.625,419.25,243942646
41.125,46.375,418.9375,243942686
39.1875,46.25,419.125,243942726
39.1875,46.8125,417.125,243942766
39.375,47.0625,417.5625,243942807
39.9375,45.9375,417.8125,243942847
39.75,43.6875,415.4375,243942887
40.8125,44.9375,413.3125,243942928
40.3125,44.125,414.4375,243942968
39.4375,45.375,413.625,243943008
38.9375,47.625,416.125,243943048
39.3125,47.1875,416.25,243943089
40.125,46.375,413.25,243943129
40.125,46.75,413.4375,243943169
39.125,47.625,415.375,243943210
39.5625,46.875,413.8125,243943250
40.4375,47.1875,413.4375,243943290
41.1875,45.3125,414.6875,243943330
42.0625,44.6875,413.6875,243943371
42.5,45.4375,412.1875,243943411
42.5625,46.3125,413.25,243943451
44.0625,45.4375,414.0625,243943492
45.1875,45.5,413.75,243943532
44.875,45.1875,413.3125,243943572
46.0625,45.1875,414.9375,243943612
45.875,45.625,415.875,243943653
45.3125,46.8125,415.125,243943693
46,46.9375,414.4375,243943733
46.6875,47.1875,414.6875,243943774
45.4375,49,415.5625,243943814
45.9375,51.125,417.125,243943854
47.875,50.75,417.9375,243943894
48.75,47.1875,416,243943935
49.125,45.75,413.75,243943975
50.0625,46.625,413.375,243944015
51.25,47.75,414,243944056
51.8125,47.75,414.1875,243944096
52.5,47,414.5,243944136
53.625,47.625,413.75,243944176
54.375,48.125,414.875,243944217
55.3125,49.5625,415.5625,243944257
55.125,46.875,415.5,243944297
55.4375,45.75,415.625,243944338
54.75,45.8125,415.75,243944378
54.1875,44.125,413.875,243944418
53.8125,44.25,414.875,243944458
53.625,46.125,415.125,243944499
50.5625,43.5,412.875,243944539
52.1875,40.9375,411.75,243944579
51.5,40.9375,412.0625,243944620
50.3125,42.4375,411.9375,243944660
51.625,40.125,412.5625,243944700
50.625,41.25,412,243944740
50.5625,39.875,412.375,243944781
50.9375,40.0625,412.1875,243944821
49.75,41.0625,412.875,243944861
49.6875,40.25,413.1875,243944901
49.875,40.875,412.625,243944942
49.125,39.875,412.5625,243944982
48.5625,40.875,413.125,243945022
48.0625,41.8125,412.375,243945063
47.9375,42,412.0625,243945103
46.875,43.0625,411.4375,243945143
45.25,43.1875,412.5,243945183
46.8125,42.4375,412.25,243945224
46.25,42.5,411.3125,243945264
45.25,42,410.0625,243945304
44.25,43.1875,410,243945345
42.3125,44,410.625,243945385
41.875,44.25,410.0625,243945425
41.6875,44.0625,410.125,243945465
41.3125,42.875,410.1875,243945506
40.875,42.0625,410.1875,243945546
41.375,43.375,410.5625,243945586
40.4375,43.5,410.625,243945627
40.125,43.3125,410.6875,243945667
41,43.125,410,243945707
41.1875,43.1875,410.3125,243945747
40.75,42.25,408.875,243945788
39,43.625,408.875,243945828
37.8125,44.25,410,243945868
38.5625,44.5625,409.375,243945909
38.5625,44.1875,408.25,243945949
37.9375,44.0625,407.4375,243945989
36.25,45.0625,408.3125,243946029
36.4375,45.125,408.375,243946070
36.25,45.6875,407.5625,243946110
35.5625,46.375,407.875,243946150
35.6875,46.1875,406.6875,243946191
33.375,46.375,408.1875,243946231
31.5,46.4375,407.875,243946271
28.8125,46.9375,408.0625,243946311
29.8125,47.75,408,243946352
27.1875,48.875,407.6875,243946392
26.9375,48.875,406.8125,243946432
24.875,48.125,407.75,243946473
25.1875,49.625,408.875,243946513
23.625,50.25,409.0625,243946553
22.6875,49.25,408.25,243946593
21.25,48.625,408.5,243946634
19.125,49.3125,406.625,243946674
17.9375,49.3125,406.5,243946714
16.125,48.1875,406.6875,243946755
13.625,47.875,406.6875,243946795
13.5625,46.5625,405.8125,243946835
11.5625,45.25,405.1875,243946875
9.6875,44.9375,405.4375,243946916
8.6875,44.75,406.125,243946956
7.25,43.8125,406.25,243946996
7.125,43.25,406.4375,243947036
7.6875,42.6875,405.75,243947077
5.875,42.3125,405.375,243947117
4,41.625,405.8125,243947157
3.5,40.375,406.875,243947198
1.875,39.1875,408.25,243947238
-0.625,37.5625,408,243947278
-0.25,36.9375,407.3125,243947318
-0.875,36.375,407.4375,243947359
-2,34.8125,408.5625,243947399
-2.125,35.0625,410.375,243947439
-2.375,33.3125,410.1875,243947480
-1.875,32.8125,410.0625,243947520
-1.3125,32,409.3125,243947560
-0.9375,30.6875,409.5,243947600
-1.0625,31.625,409.375,243947641
-0.5625,30.25,409.5625,243947681
1.5,31.8125,407,243947721
2.9375,30.5,406.875,243947762
2.625,30.125,406.875,243947802
3.5,28.625,407.6875,243947842
3.0625,29.5,407.5625,243947882
2.3125,27.75,409.75,243947923
2.6875,28.5625,408.3125,243947963
2.1875,28.25,408.0625,243948003
3.625,27.5,409.1875,243948044
2.375,27.375,408.5,243948084
1.4375,27.25,409.5,243948124
2.625,26.3125,408.5625,243948164
2.25,25.1875,408.125,243948205
2.875,24.125,407.875,243948245
3,24.875,407.25,243948285
3.0625,24.1875,408.9375,243948326
4.125,25.3125,409.25,243948366
3.9375,26.375,408.3125,243948406
3.5625,27.3125,408.375,243948446
4.3125,27.125,408.5,243948487
3.75,27.3125,408.6875,243948527
2.5625,28.3125,409.9375,243948567
2.5,28.1875,410,243948608
2.5,28.1875,409.3125,243948648
2.875,28.75,409,243948688
3.6875,28.5,408.3125,243948728
3.4375,29.0625,408.625,243948769
3.8125,28.9375,407.5625,243948809
5,28.1875,407,243948849
4.5,27.3125,406.9375,243948890
5.25,28.25,406.625,243948930
3.9375,27.9375,407.5,243948970
4.375,27.125,406.3125,243949010
4.4375,28.125,406.125,243949051
4.9375,28.6875,406.75,243949091
5.25,28.875,406.6875,243949131
4.0625,29.25,405.5,243949172
4.5,29.9375,406.5625,243949212
2.8125,31.125,406.8125,243949252
2.8125,28.0625,406.6875,243949292
2.625,27.375,404.5625,243949333
3,27.6875,405.125,243949373
0.9375,26.25,406.875,243949413
3.6875,25.5,407.0625,243949453
3.375,23.875,404.875,243949494
3.8125,24.5625,405.875,243949534
1.875,25,406.0625,243949574
3.0625,24.875,406.1875,243949615
3.6875,25.0625,406.25,243949655
4.25,24.6875,407.5625,243949695
2.8125,23.625,408.3125,243949735
2.9375,25.25,408.3125,243949776
2.8125,26.625,409.1875,243949816
2.5625,27.1875,410.5625,243949856
2,27.0625,410.75,243949897
2.5,26.625,410.4375,243949937
3.375,26.6875,410.375,243949977
3.4375,26.875,410.6875,243950017
4.0625,27.75,411.5625,243950058
5,27.4375,411.0625,243950098
6.0625,27.1875,410.75,243950138
6.5,26.3125,410.75,243950179
5.3125,26,410.6875,243950219
6.125,25.625,410.8125,243950259
6.6875,25.3125,410.8125,243950299
6.5625,25.4375,411.8125,243950340
6.6875,24.9375,412,243950380
6.875,25.5625,412.1875,243950420
7.375,26.4375,412.75,243950461
7.875,26.75,412.125,243950501
7.9375,26.4375,412.8125,243950541
7.375,25.5,414.25,243950581
6.9375,25.75,414.125,243950622
7.375,25.375,412.375,243950662
6.8125,25.625,412.3125,243950702
7.5625,25.125,413.3125,243950743
7.25,24.5625,413,243950783
7.625,23.75,413.6875,243950823
8.375,24.3125,411.625,243950863
8.875,25.5,413.125,243950904
8.625,26.9375,413.25,243950944
8.75,26.4375,412.75,243950984
6.8125,28.75,413.625,243951025
7.375,27.5625,414.6875,243951065
7.375,29,412.5625,243951105
8,29.625,414.375,243951145
6.875,29.9375,413.75,243951186
6.0625,29.3125,413.625,243951226
7.625,28.4375,414,243951266
6.4375,28.9375,414.375,243951307
7.0625,30.4375,413.625,243951347
7.5,30.1875,412.5625,243951387
6.8125,30.5,412.5625,243951427
8.0625,31.3125,412.3125,243951468
6.5,31.375,412.1875,243951508
6.625,32,412.1875,243951548
5.8125,32.25,412.125,243951588
5.5,33.3125,413,243951629
6,33.375,413.875,243951669
6.75,33.25,414.0625,243951709
5.6875,33.6875,414.0625,243951750
4.625,34.125,414.1875,243951790
4.9375,34.0625,413.75,243951830
5.8125,33.125,413.0625,243951870
5.625,31.75,411.1875,243951911
5.3125,31.1875,410.0625,243951951
5.4375,29.6875,410.125,243951991
5.875,29.6875,409.5625,243952032
5.1875,30.375,408.5625,243952072
5.5625,31.125,409,243952112
5.5625,30.75,409.5,243952152
5.9375,31.8125,410.5625,243952193
6.8125,31.3125,410.75,243952233
7,31.3125,411.8125,243952273
5.3125,31.6875,411.5625,243952314
4.875,33.5,412.25,243952354
5.6875,33.375,412.5625,243952394
6.375,33.3125,411.4375,243952434
7.625,32.875,411.0625,243952475
9.0625,33.5,410.125,243952515
8.25,33,409.5625,243952555
8.75,33.5,410.0625,243952596
9.8125,33.5,410,243952636
10.1875,32.8125,407.0625,243952676
11.5625,32.5,408.6875,243952716
11.75,32.9375,408.6875,243952757
10,34.375,408.6875,243952797
8.9375,32.375,408.875,243952837
11.9375,32.75,409.625,243952878
12,35.875,409.3125,243952918
11.75,34.5625,410.3125,243952958
11.375,34.3125,411.1875,243952998
10.3125,35.125,409.125,243953039
10.5625,34.875,409.625,243953079
11.5,33.9375,409,243953119
11.9375,34,408.5,243953160
12.25,34.1875,409.625,243953200
11.25,34.125,410.25,243953240
11.375,33.375,409,243953280
11.125,33.4375,408.6875,243953321
11.5625,33.3125,409.75,243953361
12.4375,33.5,409.5625,243953401
12.3125,34.125,409.3125,243953442
11.8125,33.6875,408.9375,243953482
11.9375,32.625,409.6875,243953522
12.125,32.6875,409.8125,243953562
12.6875,33.25,409.8125,243953603
12.625,32.5,409.9375,243953643
13.125,32.1875,410.375,243953683
13.25,31.8125,410.3125,243953723
13.625,31.8125,410.25,243953764
14.25,32.0625,409.375,243953804
15,30.625,409.4375,243953844
14.25,30.3125,408.625,243953885
14.4375,30.1875,409.375,243953925
13.9375,28.6875,410.125,243953965
13.25,29.625,409.625,243954005
14.25,29.9375,409.375,243954046
13.75,29,410.3125,243954086
13.6875,29.25,411.0625,243954126
11.3125,29.625,410.75,243954167
12.0625,29.8125,412.1875,243954207
12.5625,29.25,413.4375,243954247
10.9375,28.9375,412.0625,243954287
12.25,29.25,411.375,243954328
11.8125,28.75,410.9375,243954368
12.25,28.25,411.375,243954408
11.8125,26,411.375,243954449
9.875,26.6875,412.0625,243954489
10.4375,27.5,411.6875,243954529
11.25,25.5625,411.75,243954569
10.375,23.75,412.625,243954610
11.3125,24.4375,412,243954650
10.6875,23.9375,412.125,243954690
10.375,24.25,411.4375,243954731
9.5,24.75,413.0625,243954771
9.9375,25.75,413.4375,243954811
10.25,25.875,413.0625,243954851
8.875,25.5,413.6875,243954892
9.1875,26.75,413.75,243954932
9.5,26.625,414.125,243954972
8.625,26.8125,414.4375,243955013
8.75,26.8125,414.25,243955053
9.3125,25.875,414.3125,243955093
9.6875,25,413.125,243955133
10.3125,25.0625,412.8125,243955174
10.625,26.375,413.125,243955214
11.9375,27.125,412.375,243955254
11.5625,27.25,412.1875,243955295
10.4375,27.1875,412.625,243955335
10.625,26.9375,413.9375,243955375
10.1875,27.6875,414.5625,243955415
8.5,28.1875,415.25,243955456
9,28.0625,415.3125,243955496
10.5625,28.5,415.1875,243955536
10.4375,28.4375,414.6875,243955577
10.1875,28.25,415.0625,243955617
9.875,27.875,414.5,243955657
9.3125,27.0625,413.375,243955697
9.125,26.8125,414.375,243955738
7.75,27.5,414.125,243955778
8.75,26.4375,415.125,243955818
9.125,25.75,412.4375,243955859
7.5625,26.9375,412.9375,243955899
8.1875,25.5,413.625,243955939
7.3125,24.375,413.4375,243955979
6.9375,24.9375,413.5625,243956020
6.6875,24.5625,412.125,243956060
7,25.75,412.4375,243956100
6.8125,25.75,412.375,243956140
6.375,25.0625,411.6875,243956181
5.5,25.375,412.4375,243956221
5.4375,25.875,411.8125,243956261
4.375,25.6875,411.25,243956302
3.5625,25.0625,410.9375,243956342
2.1875,24.125,410.75,243956382
0.75,23.5625,410.4375,243956422
-1.8125,22.125,411.125,243956463
-3.625,21.0625,411.3125,243956503
-5.75,18.8125,411.125,243956543
-7.8125,17.9375,410.25,243956584
-9.375,17.375,410.125,243956624
-11.625,14.9375,408.8125,243956664
-13.25,12.5625,407.125,243956704
-14.75,9.6875,407.125,243956745
-16.125,4.0625,404.9375,243956785
-16.5625,-2.0625,400.9375,243956825
-15.625,-7.375,398.875,243956866
-13.3125,-17,395.125,243956906
-9.0625,-23.4375,392.875,243956946
-5.5,-25,390.25,243956986
0.6875,-28.0625,387.5625,243957027
4.5,-28.5625,386.6875,243957067
8.5625,-28.25,385.9375,243957107
11.5625,-26.0625,384.5625,243957148
13.3125,-25.5625,384.5625,243957188
11.0625,-26.1875,384,243957228
12.5625,-24.4375,384.5,243957268
14.25,-23,384.125,243957309
14.0625,-23.9375,385.0625,243957349
15.875,-25.1875,385.25,243957389
17.6875,-24.1875,384.25,243957430
20.25,-24.4375,385.625,243957470
24.0625,-21.375,386.3125,243957510
25.1875,-22,387.1875,243957550
27.3125,-20.9375,385.8125,243957591
29.125,-20.25,387.875,243957631
31.25,-19.375,387.625,243957671
31.875,-16.875,390.25,243957712
32.625,-15.75,390.125,243957752
32.75,-15.375,391.5,243957792
32.875,-14.625,392.5625,243957832
34.25,-11.9375,393.75,243957873
34.9375,-11.3125,393.5,243957913
32.875,-10.3125,394.6875,243957953
32.5625,-9.875,396.9375,243957994
30.75,-8.5,397.75,243958034
29.5625,-5.6875,398.3125,243958074
27,-2.4375,399.9375,243958114
24.75,-2.25,400.5,243958155
22.0625,-1.5,402.625,243958195
20.25,-0.8125,404.4375,243958235
19.0625,0.5625,403.8125,243958276
18.875,1.6875,404.875,243958316
19.25,1.5625,406.75,243958356
19.1875,2,406.875,243958396
19.625,3,407,243958437
18.875,3.375,406.75,243958477
19.3125,2.875,406.0625,243958517
18.5,3.25,407.375,243958557
18.125,3,408.5,243958598
17.0625,3.1875,407.5625,243958638
16.5,4.3125,407.5625,243958678
16.1875,4.3125,407.6875,243958719
17.4375,5.25,408.375,243958759
16.0625,5.9375,409.8125,243958799
14.6875,7.6875,409.625,243958839
14.0625,6.1875,409.375,243958880
12.75,6.9375,410.9375,243958920
11.4375,5.5625,410.625,243958960
12.0625,6.125,410.25,243959001
11.0625,5.125,410.5625,243959041
9.8125,5.5625,411.75,243959081
9.75,3.5625,412.8125,243959121
8.4375,3.875,413.375,243959162
8.75,3.9375,412.4375,243959202
8.6875,3.875,412.4375,243959242
8.125,1.4375,412.5625,243959283
6.4375,1.5,413.5,243959323
6.5,0.875,413.3125,243959363
7.5,0.3125,414.1875,243959403
8.25,0.8125,414.125,243959444
7.625,0.6875,414.875,243959484
8.625,0.625,415.125,243959524
8.875,0.25,415.25,243959565
8.6875,0.4375,415.3125,243959605
9.1875,1.375,415.1875,243959645
9,1.6875,415.4375,243959685
9.1875,1.8125,414.9375,243959726
9.75,1.1875,415.1875,243959766
10.25,-0.0625,415.4375,243959806
11.125,-0.25,415.0625,243959847
11.625,-0.25,415.0625,243959887
10.25,-0.1875,415,243959927
9.9375,0.5,416,243959967
10.125,-0.375,416.875,243960008
9.25,-0.6875,416.875,243960048
9.4375,-0.5625,417.4375,243960088
10.1875,-0.5625,417.0625,243960129
11.1875,0.0625,417.5,243960169
11.0625,-0.125,417.8125,243960209
10.625,-0.625,417.5625,243960249
11.875,-1,417.75,243960290
12.375,-1.5,418.5,243960330
13.3125,-0.6875,418.6875,243960370
12.3125,-1.75,417.8125,243960411
11.3125,-1.5,418.0625,243960451
11.1875,-1.4375,417.875,243960491
12.375,-0.25,419.25,243960531
12.75,-0.5,418.375,243960572
12.625,-2.0625,419.8125,243960612
12.25,-0.6875,419.5,243960652
12.0625,-1.25,420.375,243960692
11.25,1,419.1875,243960733
11.875,-0.0625,419,243960773
11.625,-1.25,420.625,243960813
10.625,-1.0625,419.8125,243960854
11.0625,-1,419.125,243960894
9.3125,0.125,417.625,243960934
9.75,-0.0625,417.6875,243960974
10.0625,0.3125,418.8125,243961015
9.6875,0.4375,417.875,243961055
9.5625,1.375,418.25,243961095
9.0625,0.9375,417.625,243961136
8.75,-0.0625,418.1875,243961176
7.5,-0.6875,419.375,243961216
8.0625,-1.375,419.9375,243961256
8.8125,-0.625,420.125,243961297
7.625,0.8125,419.4375,243961337
6.6875,0.125,420,243961377
6.3125,0.6875,418.9375,243961418
6.125,1.25,417.3125,243961458
6.4375,1.5,417.75,243961498
6.25,1.5625,418.5,243961538
6.375,1,418.875,243961579
5.5625,-0.3125,417.625,243961619
4.8125,-1.4375,416.125,243961659
4.8125,-1.1875,416.375,243961700
4.5,-0.875,417.75,243961740
4,0,417.75,243961780
4.125,-0.6875,417.5,243961820
3.5625,-0.9375,417.875,243961861
3.4375,-2.625,417.0625,243961901
2.5,-2.5,419.375,243961941
4.4375,-3.5625,419.875,243961982
4,-3.3125,420.125,243962022
4,-2.6875,419.4375,243962062
3.6875,-2.9375,421.4375,243962102
4.1875,-4.125,419.6875,243962143
2.6875,-4.375,419.6875,243962183
5.5,-3.25,420.5,243962223
7,-3.875,418.1875,243962264
6.875,-2.6875,418.625,243962304
7.375,-3.125,415.8125,243962344
8.8125,-1.75,415.8125,243962384
9.1875,-2.125,415.875,243962425
8.25,-3.4375,417.9375,243962465
6.6875,-2.625,415.9375,243962505
7,-1.3125,416.875,243962546
7.125,-0.625,417,243962586
8.125,0.125,415.375,243962626
6.875,-0.125,415.5,243962666
6,1.8125,416.875,243962707
4.6875,2.0625,417.375,243962747
4.5625,0.75,417.125,243962787
3.5,0.125,416.8125,243962828
3.4375,0.0625,415.875,243962868
4.5625,-0.375,415.3125,243962908
5.1875,0.3125,414.75,243962948
5.875,0.5,414.9375,243962989
4.5625,-0.4375,415.25,243963029
3.3125,-0.375,415.4375,243963069
3.125,-0.75,416.125,243963109
2.5,-0.5625,415.5,243963150
2.8125,0.125,414.0625,243963190
2.5625,0.0625,413.375,243963230
2.125,-0.1875,413.625,243963271
1.875,-0.8125,413.75,243963311
0.4375,-0.6875,414.125,243963351
-0.4375,-1.5,413.125,243963391
-0.25,-1.6875,411.375,243963432
-0.6875,-2.125,411.1875,243963472
0.1875,-3.625,411,243963512
-0.4375,-3.375,411.0625,243963553
-0.25,-4.1875,410.375,243963593
-0.4375,-4.125,411.0625,243963633
-0.25,-5,410.625,243963673
-0.3125,-5.25,410.4375,243963714
-1.4375,-5.4375,411.1875,243963754
-0.5625,-7.125,410.625,243963794
-0.6875,-5.6875,410.75,243963835
-0.375,-4.25,408.75,243963875
-0.375,-5.3125,407.6875,243963915
-2.375,-5.3125,407.6875,243963955
-0.9375,-5.375,407.75,243963996
0.5,-6.375,408.125,243964036
-1.125,-6.75,405.6875,243964076
0.625,-7.25,405.375,243964117
0.4375,-8.375,403.875,243964157
0.9375,-8.625,404.625,243964197
2.125,-10.4375,403.3125,243964237
2.8125,-9.875,403.5,243964278
1.25,-9.9375,403.5,243964318
2.625,-9.9375,402.625,243964358
2.6875,-10,403.5625,243964399
3.1875,-10.6875,403,243964439
4,-10.8125,403,243964479
4.4375,-10.625,402.375,243964519
6.3125,-11.375,401.3125,243964560
8.25,-12,401.4375,243964600
8.375,-12.125,401.125,243964640
9.875,-13.125,400.1875,243964681
11.375,-13.375,400.625,243964721
11.9375,-13.0625,400.5625,243964761
13.6875,-13.875,400.3125,243964801
15.375,-14.375,400.6875,243964842
15.6875,-13.3125,400.6875,243964882
15.75,-13.625,400.1875,243964922
17.0625,-13.0625,401.1875,243964963
18.0625,-11.4375,400.9375,243965003
20,-10.9375,398.9375,243965043
19.75,-9.5,399.375,243965083
20.125,-10.25,398.0625,243965124
22.25,-8.9375,397.3125,243965164
21.75,-8.875,399.0625,243965204
21.375,-8.875,398.6875,243965244
22.25,-8.5,398.875,243965285
24.1875,-8,399.6875,243965325
24.6875,-8.9375,398.5,243965365
26.8125,-9.1875,397.9375,243965406
27.8125,-7.625,399.0625,243965446
27.6875,-8.8125,399.9375,243965486
27.875,-10.0625,398.4375,243965526
27.5,-9.375,399.75,243965567
27.875,-10.5,399.875,243965607
27.8125,-11.5,400.6875,243965647
27.5,-12.3125,399.875,243965688
28,-13,400.4375,243965728
29.9375,-12.5,399.3125,243965768
29.6875,-12.25,399.0625,243965808
30,-12.5625,400.9375,243965849
32.125,-14.5625,401.1875,243965889
32.625,-14.5625,401.5625,243965929
32.375,-14.1875,401,243965970
34.5625,-14.8125,402.0625,243966010
36.1875,-15.625,402.1875,243966050
36.625,-16.375,402.8125,243966090
36.375,-16.25,402.4375,243966131
37.25,-17.5625,402.375,243966171
38.3125,-17.25,402.25,243966211
38.5,-17.5625,402.875,243966252
38.4375,-17.875,403.5625,243966292
39.1875,-18.4375,404.75,243966332
38.9375,-18.625,404.6875,243966372
39.125,-18.5,402.8125,243966413
40.3125,-17.625,402.4375,243966453
41.25,-16.875,403.25,243966493
41.375,-16.625,404.5,243966534
43.6875,-17.5,406.125,243966574
44.875,-16,405.75,243966614
47.375,-14.9375,405.8125,243966654
49.5,-14.1875,405.125,243966695
52.125,-13.375,405.875,243966735
52,-12.5,406.3125,243966775
53.4375,-11.0625,407.5625,243966816
53.625,-10.9375,408.5625,243966856
55.3125,-10.75,408.875,243966896
55.0625,-10.3125,409.3125,243966936
56.125,-9.75,409.25,243966977
55.0625,-9.5625,410,243967017
55.6875,-10.1875,409.75,243967057
52.9375,-9.1875,410.0625,243967098
53.1875,-7.9375,408.625,243967138
56,-7.125,410.8125,243967178
54.375,-9.1875,412.0625,243967218
55,-9.5625,412.0625,243967259
56.3125,-8.4375,413.625,243967299
56.875,-9.125,413.9375,243967339
56.6875,-8.1875,415.75,243967380
57.25,-8.9375,416.0625,243967420
57.125,-7.375,415.375,243967460
56.75,-8.625,416.375,243967500
55.75,-8.875,417,243967541
56,-8.625,417,243967581
55.5625,-8.4375,416.6875,243967621
55,-7.5,415.8125,243967661
53.6875,-6.4375,415.3125,243967702
53.3125,-6.875,414.9375,243967742
53.9375,-8.0625,414.6875,243967782
53.625,-8,415.3125,243967823
53.125,-7.6875,416.0625,243967863
54.5,-7.375,415.8125,243967903
55.375,-7.375,415.125,243967943
55.6875,-6.3125,415.5,243967984
55.1875,-5.9375,416.25,243968024
56.4375,-5.625,416.625,243968064
56.9375,-4.3125,416.9375,243968105
56.6875,-4.5,418.625,243968145
56.5,-4.4375,417.1875,243968185
55.9375,-4.75,416.375,243968225
54.3125,-4.8125,417.0625,243968266
52.875,-3.3125,416.9375,243968306
52.9375,-2.9375,416.1875,243968346
53.9375,-5.25,416.75,243968387
53.6875,-3.375,417.375,243968427
53.75,-2.375,416.25,243968467
52.4375,-2.75,416.6875,243968507
51.875,-3.125,417.75,243968548
51.375,-2.6875,418.875,243968588
53,-3,418.0625,243968628
53.25,-2.5,419.8125,243968669
51.875,-1.75,418.1875,243968709
53,-1.625,419.0625,243968749
50.625,-2,420.3125,243968789
51.1875,-2.625,418.875,243968830
51.625,0.875,419.25,243968870
51.25,1.25,418.625,243968910
51.75,2.75,419.4375,243968951
52.0625,3.375,417.875,243968991
50.75,2.9375,419,243969031
51.125,1.75,419,243969071
50.875,3.1875,419,243969112
52.6875,1.9375,418.9375,243969152
52.6875,3.4375,418.9375,243969192
52.8125,4.8125,419.5,243969233
53.4375,4.625,420.125,243969273
54.625,4.6875,419.8125,243969313
53.625,4.875,420.0625,243969353
53.75,5,420.3125,243969394
54.1875,5,419.5625,243969434
54.875,5.0625,418.8125,243969474
55.375,5.25,418.3125,243969515
55.0625,6.0625,418.375,243969555
54.75,6.875,418.625,243969595
56.3125,5.75,418.875,243969635
56.625,4.8125,418.6875,243969676
55.25,4.25,418.25,243969716
54.5,3.5625,418.3125,243969756
55.125,3.875,418.375,243969797
55.6875,3.4375,419.1875,243969837
55.0625,2.8125,419.625,243969877
56.25,4.625,419.8125,243969917
56.375,4.625,419.1875,243969958
57.75,4.8125,418.875,243969998
56,4.5,418.6875,243970038
54.0625,4.4375,418.375,243970078
55.5625,4.4375,417.1875,243970119
55.25,3.125,417.875,243970159
54.1875,5,417.0625,243970199
54.625,4.625,417.4375,243970240
54.8125,3.375,418.625,243970280
54.8125,4.0625,418.6875,243970320
54.3125,3.1875,418.5,243970360
55,4.1875,418.8125,243970401
55.1875,3.4375,418.6875,243970441
55.0625,4.625,418.8125,243970481
55.625,5.375,418.25,243970522
54.875,6,418.75,243970562
55.1875,5.0625,419.1875,243970602
55,4.9375,418.1875,243970642
53.6875,4.875,417.75,243970683
53.5625,4.8125,416.4375,243970723
52.625,5.4375,417.8125,243970763
53.8125,4.75,418.0625,243970804
53.375,5.1875,416.75,243970844
52.6875,5.875,417.5,243970884
52.75,4.375,418.125,243970924
52,3.75,417.375,243970965
51.625,5,417.125,243971005
51.5,4.1875,417.6875,243971045
51.75,2.875,418.9375,243971086
51,2.8125,419,243971126
51.875,2.8125,417.8125,243971166
52.4375,2.25,417.0625,243971206
51.4375,2.25,417.9375,243971247
50.8125,1.9375,418.8125,243971287
50.375,0.875,417.8125,243971327
50.1875,0.4375,417.9375,243971368
50.1875,1.8125,418,243971408
49.25,1.625,417.25,243971448
49.5,2.375,416.875,243971488
50.125,0.375,416.6875,243971529
50.25,0,417.1875,243971569
50.25,-0.125,417.875,243971609
51.8125,0.5,417.3125,243971650
52.1875,1.875,417.6875,243971690
53.25,1.6875,419.4375,243971730
52.6875,2.6875,417.1875,243971770
52.5625,2.8125,416.8125,243971811
53.875,2.8125,418.0625,243971851
54.125,2.625,417.0625,243971891
53.4375,2.625,416.3125,243971932
53.4375,3.3125,417.3125,243971972
54.4375,2.6875,416.625,243972012
53.3125,3.875,416.6875,243972052
54.125,4.125,415.1875,243972093
52.25,3.1875,416.0625,243972133
52.6875,3.3125,415.6875,243972173
52.6875,3.3125,416.1875,243972213
53.375,3.9375,416.1875,243972254
53.5,2.8125,415.3125,243972294
52.625,3.25,416.875,243972334
53.4375,3.25,417.625,243972375
53.375,3.8125,417.6875,243972415
53.1875,3.3125,417.25,243972455
53,3.5,416.1875,243972495
52.6875,3.4375,416.3125,243972536
52.75,4.1875,416.25,243972576
53.0625,4.1875,416.5625,243972616
52.5625,4.8125,416.0625,243972657
51.9375,4.875,415.75,243972697
51.625,4.6875,415.0625,243972737
52.25,4.75,415.3125,243972777
53.0625,4.75,416.5,243972818
52.9375,5.125,416.75,243972858
52.6875,5.6875,416.5,243972898
54.625,5.8125,416.875,243972939
55.3125,5.5625,417.6875,243972979
54,5.5625,417.4375,243973019
54.6875,5.75,416.5625,243973059
55.8125,6.1875,417.625,243973100
56.0625,6.875,417.6875,243973140
55.6875,6.125,417.875,243973180
54.1875,6.375,415.875,243973221
53.8125,5.375,416.375,243973261
54.1875,6.6875,416.8125,243973301
54.3125,6.75,415.375,243973341
54,6.0625,416.625,243973382
54.25,4.4375,416.5,243973422
53.3125,4.875,416.5,243973462
54.75,5.125,416.9375,243973503
55.6875,3.5625,417.5,243973543
55,3.875,417.8125,243973583
56,3.5,418.125,243973623
54.625,3.5625,416.875,243973664
54.5,4,418.1875,243973704
54.5625,3.75,416.625,243973744
55.3125,3.8125,416.6875,243973785
55.125,3.125,418.3125,243973825
54.9375,2.125,418.0625,243973865
55.625,3.25,417.0625,243973905
56.1875,4.1875,417.375,243973946
57.375,3.375,417.9375,243973986
58,2.625,419.625,243974026
57,1.8125,420.375,243974067
55.75,1.4375,418.8125,243974107
56.0625,1.75,417.625,243974147
56.6875,2.25,417.625,243974187
56.3125,2.6875,418.125,243974228
57.0625,1.6875,418.375,243974268
57.8125,1.9375,418.5,243974308
57.1875,1.625,419.3125,243974349
56.5,1.5,420.25,243974389
56.75,1.375,419.0625,243974429
56.6875,1.125,417.9375,243974469
56.25,0.9375,418.4375,243974510
56,1,417.9375,243974550
56.6875,1.25,418.5625,243974590
57,-0.5625,418.875,243974630
55.125,-1,419.6875,243974671
54.5625,-0.4375,419,243974711
54.25,-1.75,418.625,243974751
54.375,-1.75,419.9375,243974792
54.0625,-2,420.75,243974832
54.6875,-1.125,421,243974872
53.375,-1.5,421.625,243974912
52.9375,-2.3125,422.4375,243974953
52,-4,423.125,243974993
51.375,-3.75,423.375,243975033
52.3125,-4,423.0625,243975074
51.875,-3.1875,421.625,243975114
50.8125,-3.875,418.5625,243975154
50.3125,-2.3125,419.6875,243975194
50.625,-3,422,243975235
50.6875,-3.625,421.375,243975275
51.3125,-2.625,421.4375,243975315
50.875,-2.375,422.25,243975356
50.375,-2.625,421.4375,243975396
51.25,-0.125,422.0625,243975436
51.75,-1.125,423.125,243975476
51.75,-2.5625,422.875,243975517
53.375,-1.0625,422.8125,243975557
53.25,-1.5,421.5625,243975597
53.25,-0.875,423.6875,243975638
53.1875,-1.125,423.625,243975678
53.5625,-0.3125,422.75,243975718
54.25,0.3125,421.6875,243975758
53.4375,0.1875,421,243975799
52.5625,-0.125,421.3125,243975839
53.375,-0.25,422.625,243975879
55,-1.5,422.8125,243975920
54.0625,-1.875,422.75,243975960
53.75,-1.5625,422.75,243976000
54.375,-1.5,422.125,243976040
54.5,-1.25,422.375,243976081
54.5625,-1.3125,422.6875,243976121
53.9375,-1.75,423.1875,243976161
54.3125,-1.9375,423.625,243976202
54.9375,-2.5,423,243976242
55.125,-3.4375,422.6875,243976282
54.5625,-3.0625,423.0625,243976322
54.9375,-3.1875,422.625,243976363
54.25,-2.1875,422.25,243976403
53.9375,-1.5,421.9375,243976443
54.375,-1.5625,422.25,243976484
54.1875,-2.1875,422.6875,243976524
55.1875,-1.5625,424,243976564
56.25,-0.1875,424.5,243976604
55.9375,-0.1875,422.5625,243976645
55.5625,-0.1875,422.375,243976685
58.1875,0.5,424.25,243976725
56.8125,1.75,424.25,243976766
57.125,0.375,421.875,243976806
57.4375,2.4375,422.875,243976846
57.625,0.9375,423.0625,243976886
56.875,2.25,423.375,243976927
56.3125,1.9375,423.375,243976967
57.125,1.9375,423.1875,243977007
57.25,0.8125,422.8125,243977047
57.3125,0.5,423.3125,243977088
57.9375,1.3125,423.6875,243977128
56.5625,0.875,424.125,243977168
55.25,0.4375,424.1875,243977209
55.875,-1.0625,423.5,243977249
56.5,-1.1875,423.125,243977289
55.25,-1.4375,423.4375,243977329
56,-1.25,424.5,243977370
56.3125,-0.625,424.5625,243977410
55.375,-0.5,425.0625,243977450
